1000 12 1
1000 15 1
1000 17 1
1000 21 1
1000 3 1
1000 4 1
1000 49 1
1000 5 1
1000 539 1
1000 6 1
1000 7 1
1000 934 1
1000 943 1
1000 987 1
1000 988 1
1000 989 1
1001 1002 1
1001 1003 1
1001 1004 1
1001 1005 1
1001 1006 1
1001 15 1
1001 20 1
1001 24 1
1001 3 1
1001 38 1
1001 5 1
1001 7 1
1003 1024 1
1003 15 1
1003 1521 1
1003 17 1
1003 2 1
1003 24 1
1003 3 1
1003 4 1
1003 5 1
1003 599 1
1003 6 1
1003 71 1
1003 747 1
1003 828 1
1003 955 1
1003 999 1
1007 1000 1
1007 1008 1
1007 12 1
1007 15 1
1007 17 1
1007 3 1
1007 4 1
1007 49 1
1007 5 1
1007 539 1
1007 6 1
1007 7 1
1007 943 1
1007 962 1
1007 987 1
1007 989 1
1007 994 1
1007 997 1
1007 998 1
1008 15 1
1009 12 1
1009 17 1
1009 3 1
1009 5 1
1009 7 1
1009 962 1
1009 994 1
1009 997 1
1010 20 1
1010 3 1
1010 400 1
1010 4 1
1010 5 1
1010 6 1
101 102 1
101 103 1
1011 1008 1
101 11 1
1011 12 1
1011 17 1
1011 3 1
1011 32 1
1011 4 1
1011 49 1
101 15 1
1011 5 1
101 16 1
101 17 1
1011 7 1
1011 933 1
1011 934 1
101 21 1
101 3 1
1013 15 1
1013 20 1
1013 3 1
1013 4 1
1013 5 1
1013 6 1
101 38 1
101 4 1
1014 1015 1
1014 15 1
1014 17 1
1014 20 1
1014 21 1
1014 3 1
1014 38 1
1014 49 1
1014 5 1
1014 6 1
1014 7 1
101 49 1
101 5 1
101 6 1
1016 12 1
1016 20 1
1016 3 1
1016 38 1
1016 4 1
1016 5 1
1016 6 1
101 67 1
101 69 1
1016 931 1
1017 15 1
1017 20 1
1017 21 1
1017 3 1
1017 4 1
1017 6 1
1018 1005 1
1018 1019 1
1018 1020 1
1018 12 1
1018 165 1
1018 20 1
1018 3 1
1018 38 1
101 9 1
1021 1022 1
1021 1023 1
1021 1024 1
1021 122 1
1021 15 1
1021 165 1
1021 170 1
1021 17 1
1021 24 1
1021 3 1
1021 4 1
1021 49 1
1021 5 1
1021 6 1
1021 67 1
1021 7 1
1021 747 1
1021 828 1
1021 955 1
1021 957 1
1021 958 1
1021 966 1
1025 1018 1
1025 1020 1
1025 15 1
1025 17 1
1025 24 1
1025 3 1
1025 4 1
1025 49 1
1025 5 1
1025 6 1
1025 7 1
1025 955 1
1025 957 1
1026 1027 1
1026 12 1
1026 20 1
1026 310 1
1026 311 1
1026 958 1
1026 959 1
1028 1029 1
1028 1030 1
1028 137 1
1028 174 1
1028 209 1
1028 3 1
103 1077 1
1031 15 1
103 15 1
1033 1034 1
1033 137 1
1033 140 1
1033 209 1
1033 3 1
1033 5 1
1033 6 1
1033 7 1
103 40 1
1035 11 1
1035 12 1
1035 13 1
1035 167 1
1035 17 1
1035 2 1
1035 3 1
1035 32 1
1035 5 1
1035 60 1
1035 6 1
1035 649 1
1035 7 1
1035 747 1
1035 995 1
1038 137 1
1038 174 1
1038 3 1
1039 1019 1
1039 15 1
1039 17 1
1039 2 1
1039 3 1
1039 5 1
1039 6 1
1039 7 1
1041 15 1
104 17 1
104 2 1
1042 1043 1
1042 1044 1
1042 12 1
1042 17 1
1042 2 1
1042 21 1
1042 3 1
1042 4 1
1042 5 1
1042 6 1
1042 7 1
104 28 1
104 3 1
104 38 1
104 4 1
1045 140 1
1045 15 1
1045 209 1
1045 589 1
1045 593 1
1045 594 1
1048 12 1
1048 17 1
1048 21 1
1048 3 1
1048 4 1
1048 49 1
1048 5 1
1048 6 1
1048 7 1
1049 1029 1
1049 1030 1
1049 1050 1
1049 1051 1
1049 15 1
1049 16 1
1049 17 1
1049 18 1
1049 2 1
1049 3 1
1049 40 1
1049 4 1
1049 5 1
1049 7 1
1049 9 1
105 106 1
1052 11 1
1052 12 1
1052 13 1
1052 167 1
1052 17 1
1052 2 1
1052 3 1
1052 32 1
1052 5 1
1052 60 1
1052 6 1
1052 649 1
1052 7 1
1052 747 1
1052 995 1
1053 137 1
1053 3 1
1054 12 1
1054 13 1
1054 15 1
1054 16 1
1054 17 1
1054 3 1
1054 4 1
1054 49 1
1054 5 1
1054 601 1
1054 6 1
1054 7 1
1054 9 1
1054 999 1
1055 15 1
1055 17 1
1055 2 1
1055 28 1
1055 3 1
1055 40 1
1055 4 1
1055 49 1
1055 5 1
1055 6 1
1055 7 1
1055 9 1
1055 988 1
1056 1044 1
1056 1057 1
1056 137 1
1056 140 1
1056 15 1
1056 174 1
1056 175 1
1058 1036 1
1058 13 1
1058 137 1
1058 140 1
1058 174 1
1058 209 1
1058 24 1
1058 3 1
1058 32 1
1058 71 1
1059 12 1
1059 17 1
1059 2 1
1059 3 1
1059 38 1
1059 4 1
1059 49 1
1059 5 1
1059 6 1
1059 7 1
1059 995 1
1060 137 1
1060 3 1
1061 11 1
1061 12 1
1061 13 1
1061 167 1
1061 17 1
1061 2 1
1061 3 1
1061 32 1
1061 5 1
1061 60 1
1061 6 1
1061 649 1
1061 7 1
1061 747 1
1061 995 1
1063 1064 1
1063 13 1
1063 17 1
1063 21 1
1063 3 1
1063 4 1
1063 49 1
1063 5 1
1063 6 1
1063 7 1
1063 9 1
1063 999 1
1065 1013 1
1065 1066 1
1065 15 1
1065 40 1
1065 539 1
1065 731 1
1065 747 1
1065 959 1
1065 966 1
1066 15 1
1067 1013 1
1067 1066 1
1067 1068 1
1067 15 1
1067 40 1
1067 731 1
1067 747 1
1067 959 1
1067 966 1
1069 1013 1
1069 1066 1
1069 1068 1
1069 15 1
1069 40 1
1069 731 1
1069 747 1
1069 959 1
1069 966 1
1070 1013 1
1070 1066 1
1070 1068 1
1070 15 1
1070 165 1
1070 40 1
1070 731 1
1070 747 1
1070 959 1
1070 966 1
1071 1013 1
1071 1066 1
1071 1068 1
1071 15 1
1071 40 1
1071 731 1
1071 747 1
1071 959 1
1071 966 1
107 20 1
1072 1013 1
1072 1066 1
1072 15 1
1072 40 1
1072 731 1
1072 747 1
1072 959 1
1072 966 1
1073 1013 1
1073 1066 1
1073 1068 1
1073 15 1
1073 40 1
1073 731 1
1073 747 1
1073 959 1
1073 966 1
1074 15 1
1075 15 1
1075 959 1
1075 960 1
1076 1077 1
1076 15 1
1078 15 1
1078 20 1
1078 38 1
1078 649 1
1079 1080 1
1079 47 1
1079 991 1
1080 15 1
1080 2 1
1080 24 1
1080 959 1
108 109 1
108 110 1
1081 1082 1
108 111 1
1081 47 1
108 15 1
108 17 1
108 20 1
108 2 1
108 21 1
108 3 1
1083 1082 1
1083 1084 1
1083 38 1
1083 47 1
108 4 1
108 42 1
1084 2407 1
1084 2412 1
1084 2518 1
1084 2519 1
1084 2542 1
1084 2544 1
1084 2558 1
1084 2560 1
1084 2561 1
1084 2562 1
1084 2564 1
1084 2566 1
1084 2568 1
1084 2570 1
1084 2573 1
1084 2574 1
1084 2576 1
1084 2577 1
1084 2579 1
1084 2609 1
1084 638 1
1084 655 1
108 47 1
108 5 1
1085 1050 1
1085 1082 1
1085 15 1
1085 47 1
108 56 1
1086 1087 1
1086 1088 1
1086 1089 1
1086 148 1
1086 175 1
1086 183 1
1086 510 1
108 67 1
108 68 1
108 69 1
108 7 1
108 71 1
108 9 1
1090 1089 1
1090 1091 1
1090 1092 1
1090 1093 1
1090 533 1
1094 137 1
1094 140 1
1094 17 1
1094 175 1
1094 2 1
1094 3 1
1094 4 1
1094 49 1
1094 510 1
1094 7 1
1094 955 1
1095 1096 1
1095 1097 1
1098 1097 1
1098 4 1
1099 137 1
1099 140 1
1099 17 1
1099 175 1
1099 2 1
1099 3 1
1099 4 1
1099 49 1
1099 510 1
1099 7 1
1099 955 1
1100 1087 1
1100 148 1
1100 183 1
1100 532 1
1101 1087 1
1101 1088 1
1101 1089 1
1101 148 1
1101 175 1
1101 183 1
1101 510 1
1102 1089 1
1102 1091 1
1102 1092 1
1102 1093 1
1102 1103 1
1102 533 1
1104 137 1
1104 140 1
1104 17 1
1104 175 1
1104 2 1
1104 3 1
1104 4 1
1104 49 1
1104 5 1
1104 510 1
1104 6 1
1104 7 1
1104 955 1
1105 137 1
1105 140 1
1105 17 1
1105 175 1
1105 2 1
1105 3 1
1105 4 1
1105 49 1
1105 5 1
1105 510 1
1105 6 1
1105 7 1
1105 955 1
1106 137 1
1106 140 1
1106 17 1
1106 175 1
1106 2 1
1106 3 1
1106 4 1
1106 49 1
1106 5 1
1106 510 1
1106 6 1
1106 7 1
1106 955 1
1107 137 1
1107 140 1
1107 17 1
1107 175 1
1107 2 1
1107 3 1
1107 4 1
1107 49 1
1107 5 1
1107 510 1
1107 6 1
1107 7 1
1107 955 1
1108 1087 1
1108 1088 1
1108 1089 1
1108 148 1
1108 175 1
1108 183 1
1108 510 1
1109 1089 1
1109 1091 1
1109 1092 1
1109 1093 1
1109 533 1
1110 38 1
1110 747 1
1111 137 1
1111 140 1
1111 17 1
1111 209 1
1111 2 1
1111 3 1
1111 4 1
1111 49 1
1111 7 1
1112 1087 1
1112 1088 1
1112 1089 1
1112 148 1
1112 175 1
1112 183 1
1112 510 1
1113 1089 1
1113 1091 1
1113 1092 1
1113 1093 1
1113 533 1
1114 38 1
1114 638 1
1115 1077 1
1115 1116 1
1115 15 1
1117 1077 1
1117 110 1
1117 1118 1
1117 1119 1
1117 1120 1
1117 15 1
1117 20 1
1117 38 1
1117 385 1
1117 593 1
1118 102 1
1118 1218 1
1118 1219 1
1118 20 1
1120 15 1
112 102 1
1121 1077 1
112 11 1
112 113 1
1121 15 1
112 15 1
112 16 1
112 17 1
1121 78 1
112 21 1
1122 1123 1
1122 1124 1
1122 385 1
112 3 1
112 38 1
112 4 1
112 49 1
112 5 1
1125 1126 1
1125 1127 1
1125 15 1
112 53 1
1125 38 1
1125 47 1
112 6 1
112 67 1
112 69 1
1128 1116 1
1128 1129 1
112 9 1
1130 729 1
1131 1132 1
1131 385 1
1133 102 1
1133 1132 1
1133 1134 1
1133 15 1
1135 15 1
1135 20 1
1136 1030 1
1136 1047 1
1136 1051 1
1136 1137 1
1136 1138 1
1136 1139 1
1136 15 1
1136 20 1
1136 78 1
1136 959 1
1140 102 1
1140 1141 1
1140 638 1
1141 1096 1
1141 1193 1
1141 1195 1
1141 1241 1
1141 1277 1
1141 1278 1
1141 1279 1
114 115 1
114 116 1
1141 20 1
114 15 1
1141 966 1
114 20 1
114 2 1
1142 1143 1
1142 1144 1
1142 15 1
1142 20 1
1142 78 1
1142 959 1
114 3 1
1143 15 1
114 38 1
1144 1044 1
1144 1057 1
1144 142 1
1144 209 1
1145 111 1
1145 1141 1
1145 1146 1
1145 1147 1
1145 1148 1
1145 1149 1
1145 1150 1
1145 1151 1
1145 1152 1
1145 1153 1
1145 1154 1
1145 1155 1
1145 1156 1
1145 1157 1
1145 1158 1
1145 1159 1
1145 1160 1
1145 1161 1
1145 1162 1
1145 15 1
1145 165 1
1145 178 1
1145 20 1
1145 38 1
1145 40 1
1145 747 1
1145 966 1
1149 15 1
1149 20 1
1150 1064 1
1150 1268 1
1150 20 1
1150 828 1
1154 1184 1
1154 1190 1
1154 20 1
1155 1029 1
1155 1040 1
1155 1184 1
1155 1190 1
1155 1196 1
1155 20 1
1156 1029 1
1156 1040 1
1156 20 1
1156 38 1
1157 1046 1
1157 1190 1
1157 1196 1
1157 20 1
1157 209 1
1158 1040 1
1158 1190 1
1158 1196 1
1158 20 1
1159 1029 1
1159 1040 1
1159 1184 1
1159 1190 1
1159 20 1
1160 1029 1
1160 1040 1
1160 1190 1
1160 1196 1
1160 20 1
1161 1029 1
1161 1040 1
1161 1096 1
1161 1184 1
1161 1190 1
1161 20 1
1162 1184 1
1162 1190 1
1162 1196 1
1162 1275 1
1162 20 1
1162 4 1
1163 1164 1
1163 15 1
1163 209 1
1163 594 1
1165 594 1
1166 40 1
1167 1153 1
1167 1164 1
1167 1168 1
1167 1169 1
1167 1170 1
1167 1171 1
1167 1172 1
1167 1173 1
1167 1174 1
1167 1175 1
1167 1176 1
1167 1177 1
1167 1178 1
1167 1179 1
1167 15 1
1167 151 1
1167 174 1
1167 175 1
1167 178 1
1167 20 1
1167 209 1
1167 3 1
1167 38 1
1167 40 1
1167 589 1
1167 784 1
117 15 1
117 20 1
117 5 1
1180 15 1
1180 20 1
1181 1182 1
1181 20 1
118 15 1
118 20 1
118 21 1
1183 1184 1
1183 1185 1
1183 1186 1
1183 1187 1
1183 20 1
1183 40 1
1183 784 1
1183 989 1
118 5 1
1185 1096 1
1185 20 1
1186 15 1
1188 1118 1
1188 1184 1
1188 1185 1
1188 1189 1
1188 1190 1
1188 1191 1
1188 1192 1
1188 1193 1
1188 784 1
119 15 1
119 17 1
119 3 1
1194 1184 1
1194 1195 1
1194 1196 1
119 49 1
119 5 1
1197 1141 1
1197 638 1
1198 1192 1
1198 38 1
1199 1184 1
1199 1195 1
1199 1196 1
1200 1044 1
1200 1057 1
1200 1077 1
1200 20 1
1200 4 1
1200 594 1
120 17 1
1201 959 1
1202 1077 1
1202 4 1
120 3 1
1203 1149 1
1203 1150 1
1203 1155 1
1203 1156 1
1203 1157 1
1203 1158 1
1203 1159 1
1203 1160 1
1203 1161 1
1203 1162 1
1203 1204 1
1203 1205 1
1203 15 1
1203 20 1
1203 510 1
120 4 1
1204 20 1
120 49 1
120 5 1
1205 20 1
120 6 1
1206 638 1
1207 1143 1
1207 1144 1
1207 1168 1
1207 1190 1
1207 1208 1
1207 1209 1
1207 1210 1
1207 1211 1
1207 1212 1
1207 1213 1
1207 1214 1
1207 1215 1
1207 1216 1
1207 1217 1
1207 828 1
1207 959 1
1 2 1
1210 1227 1
1210 15 1
121 102 1
121 12 1
121 122 1
121 15 1
121 17 1
121 18 1
121 3 1
121 38 1
121 4 1
1214 1139 1
1214 1184 1
1214 1234 1
1214 1236 1
1214 1238 1
1214 1241 1
1214 1242 1
1214 38 1
1214 549 1
121 5 1
1215 1139 1
1215 1184 1
1215 1234 1
1215 1236 1
1215 1238 1
1215 1241 1
1215 1242 1
1215 549 1
121 6 1
1216 1184 1
1216 1236 1
1216 1238 1
1216 1242 1
1216 38 1
121 67 1
121 7 1
121 9 1
1220 15 1
1221 1222 1
1221 1223 1
1221 15 1
1224 1126 1
1224 15 1
1225 1096 1
1225 1097 1
1225 1226 1
1225 4 1
1225 959 1
1228 1077 1
1228 20 1
1229 15 1
1229 377 1
1229 38 1
1230 15 1
1230 28 1
1231 15 1
123 15 1
123 2 1
1232 1044 1
1232 1057 1
1232 1233 1
1232 20 1
1232 4 1
123 28 1
123 29 1
123 30 1
123 3 1
1234 1077 1
1234 113 1
1234 1235 1
1234 1236 1
1234 15 1
1234 539 1
1234 549 1
1236 1139 1
1236 1234 1
1236 1258 1
1236 20 1
1237 13 1
1237 151 1
1238 102 1
1238 1139 1
1238 1239 1
1238 15 1
1238 20 1
1238 40 1
1240 20 1
1240 28 1
1240 38 1
1240 747 1
124 102 1
124 11 1
124 125 1
124 126 1
124 127 1
124 128 1
124 15 1
124 16 1
124 17 1
124 21 1
1242 1262 1
1242 38 1
124 28 1
124 3 1
1243 1184 1
1243 1186 1
1243 1236 1
1243 1241 1
1243 1244 1
1243 1245 1
124 38 1
1243 966 1
124 4 1
1244 15 1
124 49 1
124 5 1
1245 15 1
124 6 1
1246 1118 1
1246 1139 1
1246 1234 1
1246 1236 1
1246 1239 1
1246 1247 1
1246 1248 1
1246 1249 1
1246 20 1
1246 40 1
1246 539 1
1246 649 1
124 67 1
124 69 1
124 7 1
124 9 1
1250 38 1
1251 1236 1
1251 1241 1
1251 165 1
1251 38 1
1251 966 1
1252 1139 1
1252 20 1
1253 20 1
1253 966 1
1254 20 1
1254 966 1
1255 1196 1
1255 1256 1
1255 1257 1
1255 38 1
1255 747 1
1259 1256 1
1259 1257 1
1259 1260 1
1259 747 1
1261 1077 1
1261 15 1
1261 20 1
1261 40 1
1263 1139 1
1264 1046 1
1264 1139 1
1264 1191 1
1264 1234 1
1264 1246 1
1264 1252 1
1264 20 1
1264 4 1
1265 1255 1
1265 20 1
1265 38 1
1266 15 1
1267 1255 1
1267 1256 1
1267 20 1
1267 747 1
1268 15 1
1269 20 1
1270 1193 1
1270 1241 1
1270 1271 1
1270 20 1
1270 4 1
1270 966 1
1272 165 1
1273 1255 1
1273 1256 1
1273 20 1
1274 1029 1
1274 1255 1
1274 20 1
1276 1255 1
1276 1256 1
1276 20 1
1280 15 1
1280 599 1
1281 1077 1
1281 15 1
1281 20 1
1282 1077 1
1282 1258 1
1282 15 1
1282 20 1
1282 40 1
1282 539 1
1283 1143 1
1283 959 1
1284 1285 1
1284 1286 1
1284 20 1
1284 4 1
1284 649 1
1287 1288 1
1289 1040 1
1289 1046 1
1289 1245 1
1289 1285 1
1289 1286 1
1289 1290 1
1289 1291 1
1289 1292 1
1289 1293 1
1289 1294 1
1289 20 1
1289 40 1
1289 4 1
1289 649 1
1289 9 1
1289 959 1
129 15 1
129 20 1
1292 15 1
1293 15 1
1295 1029 1
1295 1040 1
1295 1096 1
1295 1184 1
1295 1186 1
1295 1285 1
1295 1286 1
1295 1296 1
1295 1297 1
1295 1298 1
1295 1299 1
1295 142 1
1295 20 1
1295 40 1
1295 649 1
1295 747 1
1297 15 1
1299 1139 1
1299 1286 1
1299 20 1
1299 40 1
129 98 1
1300 1285 1
1300 1286 1
1300 1290 1
1300 20 1
1300 40 1
1300 649 1
1301 1286 1
1301 20 1
1301 649 1
130 20 1
1302 1029 1
1302 1040 1
1302 1044 1
1302 1285 1
1302 1286 1
1302 142 1
1302 20 1
1303 1096 1
1303 1193 1
1303 1195 1
1303 1209 1
1303 1277 1
1303 1288 1
1303 1290 1
1303 1304 1
1305 1096 1
1305 1193 1
1305 1195 1
1305 1209 1
1305 1277 1
1305 1290 1
1305 1304 1
1305 1306 1
1305 20 1
1307 1308 1
1309 1308 1
1 3 1
1310 1286 1
1310 1311 1
1310 15 1
1310 20 1
1310 40 1
1311 15 1
131 132 1
131 133 1
1312 1268 1
1312 1285 1
1312 1286 1
1312 1313 1
1312 20 1
1312 40 1
1312 638 1
1313 15 1
1314 1286 1
1314 15 1
1314 20 1
1314 40 1
1314 649 1
1315 1285 1
1315 1286 1
1315 1316 1
1315 1317 1
1315 20 1
1315 40 1
1316 15 1
1318 1288 1
1319 1234 1
1319 1286 1
1319 1320 1
1319 20 1
1319 40 1
1319 549 1
132 102 1
1321 1286 1
1321 20 1
132 15 1
132 1589 1
132 20 1
1322 1286 1
1322 1296 1
132 2169 1
1322 20 1
1323 1286 1
1323 20 1
1324 1286 1
1324 1296 1
1324 15 1
1324 20 1
1324 40 1
1325 1139 1
1325 1286 1
1325 20 1
1325 40 1
1326 1285 1
1326 1286 1
1326 1327 1
1326 1328 1
1326 15 1
1326 20 1
1326 40 1
1326 649 1
1326 989 1
1327 15 1
1328 15 1
1329 1286 1
1329 20 1
1330 1286 1
1330 20 1
1331 1027 1
1331 1034 1
1331 1239 1
1331 1285 1
1331 1286 1
1331 1296 1
1331 1332 1
1331 1333 1
1331 20 1
1331 38 1
1331 40 1
133 15 1
133 1546 1
133 1587 1
133 1589 1
133 2167 1
1333 15 1
1334 1286 1
1334 15 1
1334 20 1
1334 40 1
1335 1286 1
1335 20 1
1335 40 1
133 593 1
1336 1308 1
1337 1015 1
1337 1027 1
1337 1064 1
1337 1068 1
1337 1209 1
1337 1258 1
1337 1288 1
1337 1332 1
1337 1338 1
1337 1339 1
1337 1340 1
1337 1341 1
1337 1342 1
1337 1343 1
1337 1344 1
1337 1345 1
1337 1346 1
1337 638 1
133 784 1
1337 989 1
134 3 1
134 4 1
134 5 1
1347 1015 1
1347 1027 1
1347 1064 1
1347 1068 1
1347 1209 1
1347 1258 1
1347 1306 1
1347 1332 1
1347 1338 1
1347 1339 1
1347 1340 1
1347 1341 1
1347 1342 1
1347 1343 1
1347 1344 1
1347 1345 1
1347 1346 1
1347 20 1
1347 638 1
1347 989 1
1348 1308 1
1349 1029 1
1349 1139 1
1349 1241 1
1349 1245 1
1349 1285 1
1349 1286 1
1349 1296 1
1349 1350 1
1349 20 1
1349 38 1
1349 40 1
1349 649 1
1351 1139 1
1351 1286 1
1351 20 1
1351 40 1
1351 649 1
1352 1068 1
1352 1096 1
135 21 1
1352 1139 1
1352 1244 1
1352 1285 1
1352 1286 1
1352 1296 1
1352 1353 1
1352 15 1
1352 20 1
1352 377 1
1352 40 1
1352 649 1
1352 747 1
1352 9 1
135 3 1
135 4 1
1354 1288 1
135 5 1
1355 102 1
1355 1030 1
1355 1051 1
1355 1123 1
1355 1308 1
1355 1356 1
1355 1357 1
1355 1358 1
1355 177 1
1355 40 1
1355 593 1
1355 959 1
135 6 1
135 9 1
1359 1139 1
1359 1286 1
1359 1296 1
1359 15 1
1359 20 1
1359 38 1
1359 40 1
1359 649 1
1360 1308 1
1361 1209 1
1361 1306 1
1361 1362 1
1361 1363 1
1361 20 1
136 137 1
136 15 1
1361 959 1
136 24 1
136 3 1
1364 1209 1
1364 1288 1
1364 1362 1
1364 1363 1
1364 959 1
1365 1308 1
1366 1288 1
1367 1044 1
1367 1285 1
1367 1286 1
1367 1368 1
1367 20 1
1367 40 1
1367 731 1
1368 15 1
1369 1040 1
1369 1044 1
1369 1271 1
1369 1285 1
1369 1286 1
1369 20 1
1369 40 1
1369 731 1
1370 1286 1
1370 20 1
1371 1285 1
1371 1286 1
1371 1291 1
1371 1372 1
1371 1373 1
1371 20 1
1374 1286 1
1374 20 1
1375 1029 1
1375 1040 1
1375 1285 1
1375 1286 1
1375 1291 1
1375 20 1
1375 40 1
1375 731 1
1376 1040 1
1376 1044 1
1376 1046 1
1376 1139 1
1376 1285 1
1376 1286 1
1376 1377 1
1376 15 1
1376 20 1
1376 40 1
1376 4 1
1376 649 1
1377 15 1
1378 1308 1
1379 1209 1
1379 1306 1
1379 1380 1
1379 1381 1
1379 1382 1
1379 1383 1
1379 1384 1
1379 20 1
1379 966 1
138 15 1
138 16 1
138 20 1
138 3 1
138 4 1
138 5 1
1385 1308 1
1386 1209 1
1386 1288 1
1386 1380 1
1386 1381 1
1386 1382 1
1386 1383 1
1386 1384 1
1386 966 1
1387 15 1
1388 15 1
138 9 1
1389 15 1
1390 15 1
139 11 1
1391 15 1
139 140 1
139 15 1
1392 15 1
139 24 1
139 3 1
1393 15 1
1394 15 1
139 5 1
1395 15 1
139 60 1
1396 15 1
1397 1044 1
1397 1139 1
1397 1285 1
1397 1286 1
1397 20 1
1397 40 1
1397 649 1
1398 1285 1
1398 1286 1
1398 1395 1
1398 20 1
1398 40 1
1398 989 1
139 9 1
1399 1286 1
1399 20 1
1399 40 1
1399 649 1
1400 1077 1
1400 1139 1
1400 1286 1
1400 15 1
1400 20 1
1400 40 1
1401 1077 1
1401 1286 1
1401 1390 1
1401 1396 1
1401 20 1
1401 40 1
1401 549 1
1402 1139 1
1402 1256 1
1402 1286 1
1402 20 1
1402 40 1
1402 747 1
1403 1286 1
1403 15 1
1403 20 1
1403 40 1
1404 1044 1
1404 1057 1
1404 1285 1
1404 1286 1
1404 15 1
1404 20 1
1404 40 1
1405 1286 1
1405 20 1
1405 40 1
1405 649 1
1406 1286 1
1406 15 1
1406 20 1
1406 40 1
1407 1286 1
1407 15 1
1407 20 1
1407 40 1
1407 649 1
1408 1286 1
1408 15 1
1408 20 1
1408 40 1
1409 1139 1
1409 1184 1
1409 1196 1
1409 1286 1
1409 142 1
1409 20 1
1409 40 1
1 4 1
1410 1239 1
1410 1285 1
1410 1286 1
1410 1391 1
1410 20 1
1410 40 1
141 102 1
1411 1041 1
1411 1044 1
1411 1285 1
1411 1286 1
1411 20 1
1411 40 1
141 142 1
141 143 1
141 144 1
141 145 1
141 146 1
141 15 1
1411 649 1
141 20 1
1412 1139 1
1412 1286 1
1412 1413 1
1412 20 1
1412 40 1
141 28 1
1413 15 1
141 38 1
1414 1286 1
1414 1388 1
1414 20 1
1414 40 1
14 15 1
1415 1286 1
1415 1296 1
1415 20 1
14 16 1
1416 1139 1
1416 1196 1
1416 1286 1
1416 20 1
1416 40 1
14 17 1
1417 1286 1
1417 15 1
1417 20 1
1417 40 1
14 18 1
1418 1288 1
1418 1419 1
1418 15 1
1418 20 1
1420 1143 1
1420 1285 1
1420 1286 1
1420 1421 1
1420 20 1
1420 40 1
1422 1077 1
1422 1139 1
1422 1286 1
1422 15 1
1422 20 1
1422 40 1
1422 649 1
1423 1286 1
1423 15 1
1423 20 1
1423 40 1
1423 649 1
1424 1286 1
1424 15 1
1424 20 1
1424 40 1
1425 1034 1
1425 1285 1
1425 1286 1
1425 1392 1
1425 20 1
1425 40 1
1425 649 1
1426 1029 1
1426 1286 1
1426 1296 1
1426 15 1
1426 20 1
1426 38 1
1426 40 1
1427 1077 1
1427 1286 1
1427 15 1
1427 20 1
1427 40 1
1427 539 1
1427 549 1
1428 1286 1
1428 15 1
1428 20 1
1428 40 1
1428 649 1
1429 1139 1
1429 1275 1
1429 1285 1
1429 1286 1
1429 1430 1
1429 15 1
1429 20 1
1429 40 1
14 3 1
1431 1044 1
1431 1057 1
1431 1285 1
1431 1286 1
1431 142 1
1431 20 1
1431 209 1
143 151 1
143 156 1
143 20 1
143 207 1
1432 1286 1
1432 1433 1
1432 20 1
143 227 1
1432 40 1
143 245 1
143 28 1
143 307 1
143 315 1
1433 15 1
143 340 1
143 363 1
143 364 1
143 365 1
143 366 1
143 38 1
1434 1139 1
1434 1286 1
1434 142 1
1434 20 1
1434 40 1
1435 1286 1
1435 1296 1
1435 15 1
1435 20 1
1435 40 1
1436 1308 1
1437 1308 1
143 78 1
1438 1029 1
1438 1034 1
1438 1040 1
1438 1043 1
1438 1044 1
1438 1057 1
1438 1184 1
1438 1196 1
1438 1209 1
1438 1239 1
1438 1271 1
1438 1275 1
1438 1288 1
1438 1298 1
1438 1317 1
1438 142 1
1438 1421 1
1438 1439 1
1438 1440 1
1438 1441 1
1438 1442 1
1438 1443 1
1438 1444 1
1438 1445 1
1438 1446 1
1438 1447 1
1438 1448 1
1438 1449 1
1438 209 1
1438 9 1
1438 990 1
1450 1029 1
1450 1034 1
1450 1040 1
1450 1043 1
1450 1044 1
1450 1057 1
1450 1184 1
1450 1196 1
1450 1209 1
1450 1239 1
1450 1271 1
1450 1275 1
1450 1298 1
1450 1306 1
1450 1317 1
1450 142 1
1450 1421 1
1450 1439 1
1450 1440 1
1450 1441 1
1450 1442 1
1450 1444 1
1450 1445 1
1450 1446 1
1450 1447 1
1450 1448 1
1450 1449 1
1450 20 1
1450 209 1
1450 9 1
1450 990 1
1451 1046 1
1451 15 1
145 142 1
145 143 1
1452 15 1
1453 1046 1
1453 1226 1
1453 1258 1
1453 1285 1
1453 1286 1
1453 1296 1
1453 1454 1
1453 15 1
1453 20 1
1453 40 1
1453 4 1
1453 990 1
1455 1029 1
1455 1032 1
1455 1040 1
1455 1139 1
1455 1239 1
1455 1285 1
1455 1286 1
1455 1291 1
1455 1296 1
1455 1456 1
1455 20 1
1455 40 1
1455 4 1
1457 1008 1
1457 1032 1
1457 1040 1
1457 1046 1
1457 1139 1
1457 1239 1
1457 1245 1
1457 1285 1
1457 1286 1
1457 1296 1
1457 1439 1
1457 1456 1
1457 20 1
1457 38 1
1457 40 1
1457 4 1
1458 1031 1
1458 1040 1
1458 1285 1
1458 1286 1
1458 20 1
1458 40 1
1459 1139 1
1459 1285 1
1459 1286 1
1459 1389 1
1459 20 1
1459 40 1
1459 649 1
1459 989 1
1460 1288 1
1461 1029 1
1461 1040 1
1461 1044 1
1461 1285 1
1461 1286 1
1461 142 1
1461 20 1
1461 40 1
146 15 1
1461 9 1
1462 1029 1
1462 1040 1
1462 1186 1
1462 1239 1
1462 1285 1
1462 1286 1
1462 1291 1
1462 20 1
1462 40 1
1462 4 1
1462 989 1
1463 1040 1
1463 1186 1
1463 1239 1
1463 1241 1
1463 1285 1
1463 1286 1
1463 20 1
1463 40 1
1463 4 1
1463 989 1
1464 1040 1
1464 1186 1
1464 1285 1
1464 1286 1
1464 20 1
1464 40 1
1464 4 1
1465 1139 1
1465 1286 1
1465 20 1
1465 40 1
1466 1286 1
1466 1296 1
1466 20 1
1467 1040 1
1467 1139 1
1467 1285 1
1467 1286 1
1467 1387 1
1467 20 1
1467 40 1
1467 649 1
1468 1258 1
1468 1286 1
1468 15 1
1468 20 1
1468 40 1
1469 1032 1
1469 1209 1
1469 1241 1
1469 1278 1
1469 1279 1
1469 1288 1
1469 1357 1
1469 1456 1
1469 4 1
1469 966 1
1470 1308 1
14 7 1
1471 1032 1
1471 1209 1
1471 1241 1
1471 1278 1
1471 1279 1
1471 1306 1
1471 1357 1
1471 1456 1
1471 20 1
1471 4 1
147 142 1
147 151 1
1471 966 1
147 20 1
1472 1308 1
1473 1077 1
1473 1474 1
1473 15 1
1475 15 1
1475 209 1
1476 3 1
1476 966 1
1477 15 1
1477 209 1
1481 15 1
1481 731 1
1481 747 1
1482 1003 1
1482 1483 1
1482 747 1
1482 958 1
1484 15 1
1484 165 1
1484 747 1
1484 959 1
1485 102 1
1485 13 1
1485 15 1
1485 209 1
1485 2 1
1485 3 1
1485 594 1
1486 13 1
1486 151 1
1486 589 1
1486 590 1
1487 1008 1
1487 102 1
1487 1057 1
1487 1118 1
1487 1220 1
1487 1362 1
1487 1488 1
1487 15 1
1487 28 1
1487 3 1
1487 38 1
1487 539 1
1487 6 1
1487 959 1
1489 15 1
1489 729 1
1490 15 1
14 9 1
1491 1492 1
1491 177 1
149 144 1
149 150 1
149 151 1
1491 747 1
1493 1051 1
1493 1494 1
1495 1123 1
1495 1496 1
1495 209 1
1497 111 1
1498 111 1
1499 1500 1
1501 1171 1
1501 1449 1
1501 148 1
1501 1500 1
1501 1502 1
1501 1503 1
1501 15 1
1501 175 1
1501 20 1
1501 38 1
1501 40 1
1501 510 1
1501 638 1
1502 15 1
1502 40 1
1504 165 1
1504 649 1
1504 747 1
1505 1077 1
1505 15 1
1506 1507 1
1506 15 1
1506 40 1
1508 1191 1
1508 1503 1
1508 15 1
1508 222 1
1508 38 1
1508 4 1
1509 1510 1
1509 165 1
1509 40 1
1 5 1
1511 1040 1
1511 1150 1
1511 1151 1
1511 1152 1
1511 1155 1
1511 1156 1
1511 1157 1
1511 1158 1
1511 1159 1
1511 1160 1
1511 1161 1
1511 1162 1
1511 1177 1
1511 1196 1
1511 1204 1
1511 1205 1
1511 15 1
1511 1512 1
1511 1513 1
1511 1514 1
1511 1515 1
1511 1516 1
1511 165 1
1511 20 1
1511 38 1
1511 590 1
1511 828 1
1517 20 1
1517 28 1
1517 32 1
1517 38 1
1517 60 1
1517 966 1
1518 1151 1
1518 1152 1
1518 1515 1
1518 220 1
1519 1177 1
1519 222 1
1520 102 1
1520 1044 1
1520 1057 1
1520 1503 1
1520 174 1
1520 175 1
1520 20 1
1520 4 1
1520 594 1
1521 15 1
1521 1522 1
1521 17 1
1521 2 1
1521 21 1
1521 3 1
1521 40 1
1521 4 1
152 15 1
1521 5 1
1521 599 1
1521 6 1
1521 7 1
1521 9 1
1521 995 1
1521 999 1
1522 137 1
1522 174 1
1522 175 1
1522 24 1
1522 3 1
1522 4 1
1522 5 1
1522 6 1
1523 1023 1
1523 15 1
1523 24 1
1523 3 1
1523 6 1
1523 7 1
1523 747 1
1524 1023 1
1524 3 1
1524 7 1
1525 1024 1
1525 1077 1
1525 15 1
1525 3 1
1525 828 1
1525 956 1
1526 137 1
1526 151 1
1526 3 1
1527 1005 1
1527 1024 1
1527 1077 1
1527 3 1
1527 747 1
1528 1024 1
1528 1077 1
1528 15 1
1528 3 1
1528 38 1
1528 4 1
1529 1005 1
1529 15 1
1529 1530 1
1529 165 1
1529 747 1
1529 828 1
1531 102 1
1531 13 1
1531 15 1
1531 209 1
1531 2 1
1531 3 1
153 144 1
153 150 1
153 151 1
1531 594 1
1532 15 1
1532 729 1
1533 15 1
1534 1077 1
1534 1248 1
1534 15 1
1534 1535 1
1534 1536 1
1537 1077 1
1537 113 1
1537 15 1
1537 539 1
1538 1539 1
1538 1540 1
1541 102 1
1541 15 1
1541 1540 1
1541 20 1
1541 377 1
1541 38 1
154 150 1
154 151 1
154 155 1
154 156 1
1541 649 1
1542 15 1
1542 1540 1
1542 20 1
1542 377 1
1543 15 1
1543 1540 1
1543 20 1
1543 377 1
1544 1540 1
1544 38 1
1545 102 1
1545 1129 1
1545 15 1
1545 1540 1
1545 1546 1
1545 20 1
154 71 1
1547 1540 1
1547 20 1
1548 1047 1
1548 113 1
1548 1139 1
1548 1320 1
1548 1540 1
1548 1549 1
1548 20 1
1549 15 1
1549 1602 1
1549 20 1
1549 599 1
1550 15 1
1551 106 1
1551 1223 1
1551 15 1
1551 1552 1
1551 1553 1
1551 1554 1
1551 1555 1
1551 1556 1
1551 594 1
1557 15 1
1558 15 1
1558 1559 1
1560 835 1
1561 15 1
1562 15 1
1562 1563 1
1562 38 1
1562 47 1
1562 594 1
1564 15 1
1564 1551 1
1564 1565 1
1564 594 1
1566 510 1
1567 110 1
1567 15 1
1567 38 1
1567 47 1
1568 15 1
1568 1569 1
1568 40 1
1570 15 1
1571 1168 1
1571 15 1
1571 38 1
1571 510 1
157 151 1
157 158 1
157 159 1
1572 15 1
1572 1573 1
1572 187 1
1574 15 1
1574 1575 1
1574 38 1
1574 40 1
1574 510 1
1576 106 1
1576 110 1
1576 15 1
1577 15 1
1578 1488 1
1578 15 1
1578 1579 1
1580 1047 1
1580 1077 1
1580 113 1
1580 1139 1
1580 15 1
1580 1535 1
1580 20 1
1580 377 1
1580 53 1
1580 649 1
1581 15 1
1582 102 1
1582 1047 1
1582 1051 1
1582 1119 1
1582 1123 1
1582 1124 1
1582 113 1
1582 1139 1
1582 1430 1
1582 15 1
1582 1535 1
1582 1583 1
1582 1584 1
1582 1585 1
1582 1586 1
1582 20 1
1582 28 1
1582 38 1
1582 593 1
1582 649 1
1582 784 1
1587 15 1
1587 1588 1
1587 1589 1
1590 1050 1
1590 1123 1
1590 15 1
1590 1591 1
1590 1592 1
1590 1593 1
1590 1594 1
1590 47 1
1595 102 1
1595 15 1
1595 1596 1
1595 38 1
1595 47 1
1597 1596 1
1598 1596 1
1599 110 1
1599 15 1
1599 1596 1
1599 38 1
1599 47 1
1599 539 1
1600 15 1
1600 1601 1
1600 20 1
1600 599 1
1600 988 1
160 102 1
160 144 1
160 148 1
160 20 1
1602 1077 1
1602 15 1
1603 729 1
1604 102 1
1604 1077 1
1604 15 1
1604 1605 1
1606 1607 1
1606 1608 1
1606 1609 1
1 6 1
1610 15 1
1610 1611 1
161 102 1
161 144 1
161 151 1
1612 15 1
1612 38 1
1613 15 1
1613 1614 1
1613 1615 1
1613 1616 1
1613 1617 1
1613 209 1
1613 2 1
1613 24 1
1613 38 1
1613 594 1
1613 71 1
161 38 1
1618 15 1
1618 38 1
1618 731 1
1619 177 1
1619 593 1
1620 15 1
1620 38 1
1620 731 1
1621 1492 1
1621 15 1
162 144 1
162 148 1
162 151 1
1621 539 1
162 20 1
1622 15 1
1623 15 1
1623 1624 1
1625 15 1
1625 46 1
1625 599 1
1625 729 1
1626 106 1
1626 15 1
1626 594 1
1626 731 1
1626 747 1
1627 15 1
1627 1614 1
1627 853 1
1628 15 1
1628 652 1
1628 835 1
1629 106 1
1629 15 1
1629 1630 1
1629 1631 1
1629 1632 1
1629 20 1
163 20 1
1633 15 1
1633 1634 1
1633 1635 1
1633 1636 1
1633 20 1
1637 15 1
1637 1638 1
1637 1639 1
1637 20 1
1638 1077 1
1640 593 1
1641 1030 1
1641 1635 1
1641 38 1
164 142 1
164 165 1
1642 20 1
1643 15 1
1644 102 1
1644 106 1
1644 15 1
1644 1645 1
1644 748 1
1646 748 1
1647 106 1
1647 15 1
1648 15 1
1649 1650 1
1649 1651 1
1652 1308 1
1652 15 1
1652 1585 1
1652 1588 1
1652 1653 1
1652 1654 1
1652 1655 1
1652 1656 1
1652 20 1
1652 38 1
1652 47 1
1652 539 1
1657 113 1
1657 1227 1
1657 15 1
1657 1535 1
1657 1584 1
1657 1585 1
1657 1631 1
1657 1634 1
1657 1658 1
1657 1659 1
1657 1660 1
1657 1661 1
1657 20 1
166 12 1
166 126 1
166 13 1
166 15 1
166 167 1
166 168 1
166 169 1
166 170 1
166 171 1
166 172 1
166 173 1
166 174 1
166 175 1
166 2 1
1662 20 1
1662 28 1
166 28 1
166 3 1
1663 20 1
1664 113 1
1664 1227 1
1664 15 1
1664 1535 1
1664 1584 1
1664 1585 1
1664 1631 1
1664 1634 1
1664 1635 1
1664 1636 1
1664 1658 1
1664 1660 1
1664 1661 1
1664 20 1
1664 38 1
1665 102 1
1665 115 1
1665 116 1
1665 15 1
1665 165 1
1665 1666 1
1665 17 1
1665 18 1
1665 20 1
1665 2 1
1665 28 1
1665 3 1
1665 38 1
1665 4 1
1665 42 1
1665 47 1
1665 5 1
1665 56 1
1665 6 1
1665 67 1
1665 68 1
1665 69 1
1665 70 1
1665 7 1
166 7 1
1667 16 1
1667 2 1
1667 3 1
1667 4 1
1667 6 1
1667 9 1
1668 102 1
1668 15 1
1668 1653 1
1668 1669 1
1668 1670 1
1668 1671 1
1668 1672 1
1668 1673 1
1668 38 1
1668 40 1
1668 731 1
1668 828 1
166 9 1
1669 15 1
1669 2313 1
1669 2315 1
1672 15 1
1674 109 1
1674 110 1
1674 12 1
1674 1227 1
1674 15 1
1674 165 1
1674 1668 1
1674 1675 1
1674 1676 1
1674 1677 1
1674 1678 1
1674 1679 1
1674 1680 1
1674 1681 1
1674 17 1
1674 178 1
1674 20 1
1674 21 1
1674 29 1
1674 30 1
1674 3 1
1674 310 1
1674 311 1
1674 312 1
1674 32 1
1674 33 1
1674 34 1
1674 35 1
1674 36 1
1674 37 1
1674 38 1
1674 40 1
1674 4 1
1674 49 1
1674 5 1
1674 60 1
1674 6 1
1674 633 1
1674 7 1
1674 9 1
1679 15 1
1679 2313 1
1679 2315 1
1682 15 1
1682 37 1
1683 15 1
1684 15 1
1684 1679 1
1684 1685 1
1684 1686 1
1684 1687 1
1684 38 1
1684 559 1
1688 15 1
1688 377 1
1688 40 1
1689 102 1
1689 1030 1
1689 1051 1
1689 1119 1
1689 15 1
1689 1666 1
1689 209 1
1689 29 1
1689 30 1
1689 38 1
1689 77 1
1689 78 1
1689 784 1
1690 110 1
1690 111 1
1690 1308 1
1690 47 1
1691 102 1
1691 1127 1
1691 15 1
1691 1593 1
1691 165 1
1691 28 1
1691 377 1
1691 38 1
1691 47 1
1691 594 1
1692 38 1
1693 15 1
1693 38 1
1694 38 1
1695 15 1
1696 106 1
1696 15 1
1696 1697 1
1696 20 1
1696 38 1
1698 15 1
1698 1697 1
1698 38 1
1699 1700 1
1699 40 1
1701 106 1
1701 15 1
1702 15 1
1702 729 1
1703 15 1
1703 165 1
1704 1139 1
1704 1705 1
1704 20 1
1704 649 1
1705 15 1
1705 1841 1
1705 1842 1
1705 20 1
1705 40 1
1706 15 1
1706 38 1
1707 102 1
1707 15 1
1707 649 1
1708 15 1
1708 377 1
1709 15 1
1709 1630 1
1709 377 1
1 7 1
1710 15 1
1710 1654 1
1710 1711 1
1710 1712 1
1710 599 1
1713 15 1
1714 113 1
1714 1139 1
1714 15 1
1714 1535 1
1714 1584 1
1714 1585 1
1714 165 1
1714 1659 1
1714 1660 1
1714 1715 1
1714 1716 1
1714 1717 1
1714 1718 1
1714 20 1
1714 28 1
1714 377 1
1714 38 1
1714 649 1
1714 748 1
1715 102 1
1715 1123 1
1715 15 1
1715 1583 1
1715 1586 1
1715 28 1
1715 38 1
1715 593 1
1715 649 1
1718 15 1
1718 1600 1
1718 20 1
1718 599 1
1719 15 1
1720 377 1
1721 15 1
1722 15 1
1722 1645 1
1722 165 1
1722 1723 1
1724 15 1
1724 1540 1
1724 784 1
1725 15 1
1725 1540 1
1726 1540 1
1726 1727 1
1726 1728 1
1726 1729 1
1730 1731 1
1732 1733 1
1732 1734 1
1733 15 1
1733 1726 1
1733 1727 1
1733 1734 1
1733 1739 1
1733 1746 1
1733 1751 1
1733 1758 1
1733 1759 1
1733 1787 1
1735 1047 1
1735 15 1
1735 20 1
1735 40 1
1736 15 1
1736 20 1
1737 1738 1
1737 20 1
1739 1728 1
1739 1729 1
1739 1740 1
1739 1741 1
1742 15 1
1742 1733 1
1743 1540 1
1743 1744 1
1743 1745 1
1746 15 1
1746 1733 1
1746 1747 1
1746 20 1
1746 649 1
1747 1731 1
1748 15 1
1748 1749 1
1749 1743 1
1749 1744 1
1749 1755 1
1749 1779 1
1750 15 1
1750 1540 1
1750 649 1
1750 748 1
1751 15 1
1751 1540 1
1751 1733 1
1751 20 1
1751 649 1
1752 1539 1
1752 1540 1
1752 20 1
1753 20 1
1754 20 1
1755 1745 1
1755 1756 1
1757 15 1
1757 1540 1
1757 20 1
1757 784 1
1758 102 1
1758 15 1
1758 1540 1
1758 1733 1
1758 20 1
1759 1540 1
1760 102 1
1760 15 1
1760 1539 1
1760 1540 1
1760 1718 1
1760 1761 1
1760 1762 1
1760 1763 1
1760 784 1
176 15 1
176 177 1
176 178 1
176 179 1
176 180 1
176 181 1
176 20 1
176 40 1
1764 1540 1
1764 1732 1
1764 1761 1
1764 1763 1
1764 38 1
176 46 1
1764 784 1
1765 1715 1
1765 1766 1
1765 38 1
1766 15 1
1766 377 1
1767 1705 1
1767 20 1
1768 1731 1
1768 1734 1
1768 1769 1
1768 38 1
1770 102 1
1770 15 1
1770 1586 1
1770 1594 1
1770 20 1
1771 15 1
1771 1772 1
1772 15 1
1773 102 1
1773 1050 1
1773 1583 1
1773 1715 1
1773 1747 1
1774 1050 1
1774 1123 1
1774 1594 1
1775 1718 1
1775 1769 1
1776 38 1
1777 102 1
1777 15 1
1778 15 1
1778 1766 1
1778 377 1
1778 38 1
1780 1540 1
1780 1718 1
1780 1761 1
1781 20 1
1781 40 1
1782 1718 1
1782 1734 1
1782 28 1
1783 102 1
1783 15 1
1784 1718 1
1784 1769 1
1784 649 1
1785 15 1
1785 1786 1
1785 20 1
1786 15 1
1786 20 1
1788 15 1
1788 1779 1
1789 102 1
1789 1129 1
1789 15 1
1789 1718 1
1789 1724 1
1789 1727 1
1789 1744 1
1789 1771 1
1789 1772 1
1789 1790 1
1789 1791 1
1789 1792 1
1789 784 1
1793 15 1
1793 38 1
1794 15 1
1795 1769 1
1796 15 1
1797 38 1
1798 102 1
1798 15 1
1798 784 1
1799 15 1
1800 15 1
1800 20 1
1801 15 1
1802 15 1
1802 1803 1
1804 15 1
1805 15 1
1806 102 1
1806 15 1
1806 784 1
1807 15 1
1808 1769 1
1808 1809 1
1808 38 1
1810 15 1
1810 1769 1
1811 15 1
1812 15 1
1812 1809 1
1812 1813 1
1812 1814 1
1812 1815 1
1812 1816 1
1812 1817 1
1812 38 1
1818 15 1
1818 1540 1
1818 1789 1
1818 47 1
1819 102 1
1819 1077 1
1820 15 1
1821 15 1
182 150 1
182 151 1
182 183 1
1822 15 1
1822 20 1
1822 28 1
1823 1795 1
1823 20 1
1823 28 1
1823 38 1
1824 15 1
1824 1825 1
1824 490 1
1826 1825 1
1826 1827 1
1828 15 1
1829 15 1
1829 1708 1
1829 38 1
1829 490 1
1830 102 1
1830 106 1
1830 15 1
1830 748 1
1830 784 1
1831 102 1
1832 15 1
1832 20 1
1832 47 1
1833 15 1
1833 1769 1
1833 1813 1
1833 20 1
1833 28 1
1833 490 1
1833 784 1
1834 1835 1
1834 28 1
1834 38 1
1836 1030 1
1836 1047 1
1836 1051 1
1836 1123 1
1836 113 1
1836 1139 1
1836 1535 1
1836 1583 1
1836 1584 1
1836 1585 1
1836 1586 1
1836 1705 1
1836 1731 1
1836 1734 1
1836 20 1
1836 377 1
1836 593 1
1836 649 1
1837 1731 1
1837 20 1
1837 38 1
1837 86 1
1838 1827 1
1839 1840 1
184 144 1
1843 1844 1
1843 3 1
1843 4 1
1843 995 1
1845 15 1
1846 1227 1
1846 1507 1
1846 15 1
1846 593 1
1847 102 1
1847 15 1
1848 102 1
1848 15 1
1848 38 1
1849 15 1
1850 102 1
1850 15 1
1850 1569 1
1850 1851 1
1850 1852 1
185 13 1
185 143 1
185 183 1
185 186 1
185 187 1
185 188 1
1853 15 1
1853 747 1
185 4 1
1854 15 1
1855 1507 1
1855 15 1
1855 1850 1
1856 1308 1
1856 15 1
1856 1857 1
1856 1858 1
1856 1859 1
1856 38 1
1856 47 1
1860 15 1
1860 38 1
1861 15 1
1861 20 1
1861 38 1
1862 15 1
1863 15 1
186 389 1
1864 106 1
1865 106 1
1865 1308 1
1865 15 1
1865 47 1
1866 102 1
1866 1153 1
1866 1168 1
1866 15 1
1866 1594 1
1866 1867 1
1866 1868 1
1866 1869 1
1866 1870 1
1866 1871 1
1866 1872 1
1866 1873 1
1866 1874 1
1866 1875 1
1866 1876 1
1866 1877 1
1866 1878 1
1866 1879 1
1866 1880 1
1866 1881 1
1866 1882 1
1866 1883 1
1866 1884 1
1866 1885 1
1866 1886 1
1866 1887 1
1866 1888 1
1866 1889 1
1866 1890 1
1866 209 1
1866 28 1
1866 40 1
1866 47 1
1866 599 1
1866 608 1
1866 638 1
1867 1875 1
1867 1876 1
1867 1877 1
1867 1878 1
1867 1879 1
1867 1880 1
1867 1881 1
1867 1882 1
1867 1885 1
1867 1886 1
1867 1887 1
1867 1889 1
1867 20 1
1867 2118 1
1867 28 1
1883 15 1
1883 2252 1
1883 40 1
1883 593 1
1884 102 1
1884 1153 1
1884 15 1
1884 616 1
1891 15 1
1891 1870 1
1891 40 1
189 143 1
189 183 1
189 187 1
189 188 1
189 20 1
1892 15 1
1892 40 1
1893 111 1
1893 151 1
1893 178 1
1893 1868 1
1893 1871 1
1893 1894 1
1893 1895 1
1893 1896 1
1893 47 1
1897 15 1
1897 174 1
1897 1894 1
1897 1895 1
1897 1896 1
1897 1898 1
1897 1899 1
1897 38 1
1897 40 1
1900 1901 1
1900 1902 1
1901 15 1
190 13 1
1901 38 1
190 143 1
190 183 1
190 187 1
190 188 1
190 191 1
1903 1904 1
1903 1905 1
1904 15 1
1904 1944 1
1905 1913 1
1905 1968 1
1906 15 1
1906 20 1
1907 15 1
1907 1729 1
1907 1908 1
1908 15 1
1908 1728 1
1909 1910 1
1909 1911 1
1910 15 1
1910 636 1
1911 15 1
1911 1913 1
1911 1968 1
1911 1978 1
1912 1725 1
1912 1913 1
1913 102 1
1913 1051 1
1913 1077 1
1913 110 1
1913 1168 1
1913 133 1
1913 15 1
1913 1539 1
1913 1540 1
1913 1600 1
1913 1769 1
1913 1871 1
1913 1889 1
1913 1954 1
1913 20 1
1913 2089 1
1913 2273 1
1913 2285 1
1913 2286 1
1913 2287 1
1913 38 1
1913 47 1
1913 78 1
1913 784 1
1914 15 1
1914 1915 1
1914 28 1
1914 40 1
19 15 1
1916 1917 1
1916 1918 1
1917 15 1
1917 1945 1
1918 15 1
1918 1913 1
1918 1964 1
1919 1920 1
19 20 1
1920 1930 1
19 21 1
1921 1922 1
192 150 1
192 183 1
1922 1943 1
1923 1924 1
1923 1925 1
1924 15 1
1924 1934 1
1925 1913 1
1925 1970 1
1926 15 1
1927 1928 1
1927 1929 1
1928 15 1
1928 557 1
1930 2313 1
1930 2315 1
1931 15 1
1931 1932 1
193 144 1
1932 15 1
1932 2313 1
1932 2315 1
1932 2513 1
1932 2514 1
1932 2515 1
1933 15 1
1933 1669 1
1934 15 1
1934 2313 1
1934 2315 1
1934 638 1
1935 15 1
1935 487 1
1936 15 1
1936 1934 1
1936 1937 1
1936 338 1
1936 638 1
1936 653 1
1936 809 1
1937 15 1
1937 2313 1
1937 2315 1
1937 638 1
1938 15 1
1938 254 1
1939 799 1
1940 15 1
1940 1840 1
1940 616 1
194 144 1
1941 804 1
1942 15 1
1942 1937 1
1942 638 1
1943 2313 1
1943 2315 1
1944 15 1
1944 2313 1
1944 2315 1
1945 15 1
1945 2313 1
1945 2315 1
1945 2588 1
1946 15 1
1946 338 1
1946 559 1
1947 15 1
1947 638 1
1947 809 1
1948 15 1
1948 247 1
1949 15 1
1949 559 1
1950 15 1
1950 20 1
1950 77 1
1950 78 1
19 5 1
1951 1952 1
1951 209 1
195 144 1
1952 15 1
1952 1913 1
1952 1976 1
1953 1077 1
1953 15 1
1953 1913 1
1953 1954 1
1953 20 1
1953 784 1
1955 1940 1
1956 1957 1
1956 4 1
1957 15 1
1957 1913 1
1957 1969 1
1958 1904 1
1958 1910 1
1958 1911 1
1958 1917 1
1958 1918 1
1958 1924 1
1958 1925 1
1958 1928 1
1958 1929 1
1958 1935 1
1958 1938 1
1958 1940 1
1958 1941 1
1958 1952 1
1958 1957 1
1958 1959 1
1958 1960 1
1958 1961 1
1958 209 1
1958 28 1
1958 4 1
1958 78 1
1959 1913 1
1959 1972 1
1960 15 1
1960 1913 1
1960 1965 1
1960 1966 1
1961 1913 1
1961 1964 1
196 143 1
196 183 1
196 187 1
196 188 1
196 197 1
1962 1913 1
1963 1959 1
1963 28 1
1964 15 1
1964 1583 1
1964 1586 1
1964 20 1
1964 2220 1
1964 2224 1
1964 38 1
1965 1583 1
1965 1586 1
1965 20 1
1965 2220 1
1967 15 1
1967 1913 1
1967 20 1
1968 15 1
1968 1583 1
1968 1586 1
1968 1889 1
1968 20 1
1968 2220 1
1969 15 1
1969 1583 1
1969 1586 1
1969 1889 1
1969 20 1
1969 2220 1
1970 15 1
1970 1583 1
1970 1586 1
1970 1889 1
1970 20 1
1970 2220 1
1971 15 1
1971 1745 1
197 143 1
1972 20 1
1972 2220 1
1973 15 1
1973 1913 1
1973 1968 1
1974 15 1
1974 1913 1
1974 1975 1
1975 15 1
1975 1583 1
1975 1586 1
1975 1870 1
1975 1871 1
1975 1888 1
1975 1889 1
1975 20 1
1975 2046 1
1975 2057 1
1975 2058 1
1975 2189 1
1975 2220 1
1975 2223 1
1975 2228 1
1975 2230 1
1976 15 1
1976 1583 1
1976 1586 1
1976 1889 1
1976 20 1
1976 2220 1
1977 15 1
1977 1870 1
1978 15 1
1978 1889 1
1978 20 1
1978 2220 1
1979 1913 1
1979 510 1
1980 20 1
1981 15 1
1981 377 1
198 143 1
1982 15 1
1983 1941 1
1983 1961 1
1984 15 1
1985 1938 1
1985 1960 1
1986 15 1
1987 15 1
1988 102 1
1988 15 1
1988 1989 1
1989 20 1
1990 15 1
1990 1991 1
1990 1992 1
1990 1993 1
1990 1994 1
1990 1995 1
1990 1996 1
1990 1997 1
1990 1998 1
1990 1999 1
1990 2000 1
1990 2001 1
1990 2002 1
1990 2003 1
1990 2004 1
1990 2005 1
1990 2006 1
1990 2007 1
1990 2008 1
1990 2009 1
1990 2010 1
1990 2011 1
1990 2012 1
1990 2013 1
1990 2014 1
1990 2015 1
1990 2016 1
1990 2017 1
1990 2018 1
1990 2019 1
1990 2020 1
1990 2021 1
1990 2022 1
1991 15 1
1991 2024 1
1991 2034 1
199 143 1
199 144 1
199 159 1
199 200 1
1992 15 1
1992 2034 1
1994 2024 1
1994 2025 1
1994 2026 1
1994 2028 1
1995 2024 1
1995 2025 1
1995 2026 1
1995 2028 1
1996 2024 1
1997 2024 1
1998 15 1
1998 2024 1
1999 2024 1
2000 2024 1
2001 2024 1
2002 15 1
2002 2024 1
2002 2025 1
2002 2026 1
2002 2034 1
2002 2035 1
2002 2036 1
2003 15 1
2003 2024 1
2004 15 1
2004 2034 1
2005 15 1
2005 2024 1
2005 2025 1
2005 2026 1
2006 15 1
2006 2024 1
2006 2025 1
2006 2026 1
2006 2033 1
2006 2034 1
2007 15 1
2007 2024 1
2007 2025 1
2007 2026 1
2008 2024 1
2008 2025 1
2008 2026 1
2008 2027 1
2008 2033 1
2009 2024 1
2010 15 1
2010 2024 1
2010 2025 1
2010 2026 1
2011 2024 1
201 143 1
201 187 1
201 202 1
2012 2024 1
2013 2024 1
2013 2025 1
2013 2026 1
2014 15 1
2014 2024 1
2014 2025 1
2014 2026 1
2014 2028 1
2015 2024 1
2016 2024 1
2017 15 1
2017 2025 1
2017 2026 1
2017 2028 1
2018 2024 1
2018 2025 1
2018 2026 1
2019 15 1
2019 2024 1
2020 2024 1
2021 2023 1
2021 2024 1
2021 2025 1
2021 2026 1
2021 2027 1
2021 40 1
202 148 1
202 151 1
202 156 1
2022 2023 1
2022 2024 1
2022 2025 1
2022 2026 1
2022 2027 1
2022 40 1
2023 20 1
2023 2027 1
2023 40 1
2024 15 1
2024 20 1
2026 15 1
2026 2045 1
2026 2046 1
2028 20 1
2029 20 1
2029 2025 1
2029 2026 1
2029 2030 1
2029 2031 1
203 150 1
203 187 1
203 204 1
2032 15 1
2032 2026 1
203 32 1
2034 15 1
2034 20 1
2034 2031 1
2035 15 1
2036 15 1
2036 20 1
2037 15 1
2037 2025 1
2037 2026 1
2037 2036 1
2038 1308 1
2038 15 1
2038 20 1
2038 2031 1
2039 2025 1
2039 2026 1
2040 1077 1
2040 15 1
2040 2041 1
2040 988 1
2041 1077 1
2042 15 1
2042 20 1
2043 15 1
2043 2025 1
2043 2026 1
2044 15 1
2046 20 1
2046 2026 1
2046 2027 1
2047 15 1
2047 2025 1
2048 15 1
2048 1870 1
2048 2025 1
2048 2034 1
2048 2049 1
2048 2050 1
2048 2051 1
205 143 1
205 206 1
2052 1879 1
2053 2054 1
2055 1878 1
2056 1876 1
2057 2027 1
2057 2033 1
2058 1870 1
2058 2027 1
2059 15 1
2059 1870 1
2059 2026 1
2059 2027 1
2059 2031 1
2059 40 1
2060 102 1
2060 2026 1
2060 2027 1
2061 1116 1
2061 1123 1
2061 385 1
206 148 1
206 151 1
206 156 1
2062 1132 1
2062 385 1
2063 102 1
2063 15 1
2063 1554 1
2063 38 1
206 400 1
2064 15 1
2064 1554 1
2065 15 1
2065 1769 1
2065 2066 1
2065 2067 1
2068 1077 1
2068 1116 1
2068 15 1
2068 2069 1
2068 385 1
2068 593 1
2070 102 1
2070 15 1
2070 1540 1
2070 1794 1
2070 1795 1
2070 1798 1
2070 1799 1
2070 1804 1
2070 1805 1
2070 1806 1
2070 1807 1
2070 1810 1
2070 1913 1
2070 1926 1
2070 1982 1
2070 1984 1
2070 1986 1
2070 2071 1
2070 2072 1
2070 28 1
2070 52 1
2070 559 1
2071 15 1
207 142 1
207 148 1
207 150 1
2071 649 1
207 183 1
2072 15 1
2073 1871 1
2073 1875 1
2073 1876 1
2073 1877 1
2073 1878 1
2073 1879 1
2073 1880 1
2073 1881 1
2073 1882 1
2073 1885 1
2073 1886 1
2073 1887 1
2073 1889 1
2073 38 1
2074 102 1
2074 15 1
2074 20 1
2074 2075 1
2074 2076 1
2074 2077 1
2074 2078 1
2078 1587 1
2078 1969 1
2078 2089 1
2078 2118 1
2078 2188 1
2078 2189 1
2078 2235 1
2079 1871 1
2079 1875 1
2079 1876 1
2079 1877 1
2079 1878 1
2079 1879 1
2079 1880 1
2079 1881 1
2079 1882 1
2079 1885 1
2079 1886 1
2079 1887 1
2079 1889 1
2080 1123 1
2080 15 1
2080 1874 1
2080 20 1
2080 40 1
2081 1168 1
2081 38 1
208 144 1
208 148 1
208 150 1
208 15 1
208 183 1
208 200 1
208 209 1
2082 1875 1
2082 1876 1
2082 1877 1
2082 1878 1
2082 1879 1
2082 1880 1
2082 20 1
2083 1871 1
2083 1875 1
2083 1876 1
2083 1877 1
2083 1878 1
2083 1879 1
2083 1880 1
2083 1881 1
2083 1882 1
2083 1885 1
2083 1886 1
2083 1887 1
2083 1889 1
2083 20 1
2084 38 1
2085 1913 1
2085 2086 1
2085 2087 1
2085 2088 1
2086 1132 1
2086 1137 1
2086 1176 1
2086 1586 1
2086 1913 1
2086 2089 1
2086 2094 1
2086 28 1
2086 350 1
2086 490 1
2086 784 1
2087 102 1
2087 1132 1
2087 1137 1
2087 1176 1
2087 1583 1
2087 2089 1
2087 2090 1
2087 28 1
2087 38 1
2087 490 1
2087 784 1
2088 102 1
2088 1132 1
2088 1137 1
2088 1769 1
2088 1913 1
2088 2070 1
2088 2089 1
2088 784 1
2089 102 1
2089 1077 1
2089 15 1
2089 2045 1
2089 2046 1
2089 2181 1
2089 2223 1
2089 38 1
2089 47 1
2089 616 1
2090 15 1
2090 20 1
2090 2041 1
2090 599 1
2091 102 1
2091 1132 1
2091 1137 1
2091 1761 1
2091 1769 1
2091 2070 1
2091 2089 1
2091 38 1
2091 784 1
2092 15 1
2093 15 1
2093 38 1
2095 1913 1
2095 2089 1
2096 1132 1
2096 1137 1
2096 15 1
2096 1762 1
2096 1769 1
2096 1786 1
2096 1793 1
2096 1795 1
2096 1797 1
2096 1801 1
2096 1810 1
2096 1811 1
2096 1870 1
2096 1913 1
2096 20 1
2096 2089 1
2096 2097 1
2096 2098 1
2096 2099 1
2096 2100 1
2096 2101 1
2096 2102 1
2096 2103 1
2096 2104 1
2096 2105 1
2096 2106 1
2096 2107 1
2096 2108 1
2096 2109 1
2096 2110 1
2096 2111 1
2096 2112 1
2096 2113 1
2096 2114 1
2096 2115 1
2096 247 1
2096 350 1
2096 38 1
2096 490 1
2096 52 1
2096 559 1
2096 784 1
2097 1132 1
2097 15 1
2097 20 1
2097 2256 1
2097 38 1
2098 20 1
2098 38 1
2099 15 1
2099 20 1
2099 2256 1
2100 15 1
2100 20 1
2101 20 1
210 143 1
2102 20 1
2103 102 1
2103 15 1
2103 20 1
2103 2270 1
2104 15 1
2104 20 1
2104 38 1
2105 15 1
2105 20 1
2105 2256 1
2106 38 1
2107 38 1
2108 38 1
2109 38 1
2110 15 1
2110 2256 1
2111 20 1
2111 2256 1
2111 38 1
211 143 1
211 144 1
211 159 1
211 200 1
2112 15 1
2112 20 1
2112 38 1
2113 38 1
2114 15 1
2115 15 1
2116 102 1
2116 1050 1
2116 1051 1
2116 111 1
2116 15 1
2116 47 1
2116 594 1
2117 1875 1
2117 2118 1
2119 1889 1
2119 38 1
2120 1875 1
2120 1876 1
2120 1877 1
2120 1878 1
2120 1879 1
2120 1880 1
2120 1881 1
2120 1882 1
2120 1887 1
2120 1889 1
2120 20 1
2120 2118 1
2121 1875 1
2121 1876 1
2121 1877 1
2121 1878 1
2121 1879 1
2121 1880 1
2121 20 1
2121 2118 1
212 13 1
212 151 1
212 183 1
2122 1889 1
2123 1583 1
2123 1586 1
2124 15 1
2125 15 1
2126 1116 1
2126 2127 1
2128 1116 1
2128 2129 1
2128 2130 1
2131 2132 1
2131 2133 1
213 142 1
213 144 1
2134 1116 1
2135 1116 1
2136 1116 1
2136 2137 1
2138 1116 1
2138 2139 1
2140 1116 1
2140 2141 1
214 102 1
214 142 1
214 20 1
2142 1116 1
2143 1116 1
2143 2144 1
2143 2145 1
2146 1116 1
2146 2147 1
2148 1116 1
2148 2149 1
2148 2150 1
2151 2152 1
215 142 1
215 144 1
215 148 1
215 15 1
215 183 1
215 209 1
2153 1116 1
2153 2154 1
2153 2155 1
2156 1116 1
2156 2157 1
2156 2158 1
2159 1116 1
2159 2160 1
2159 2161 1
216 142 1
216 144 1
216 183 1
2162 102 1
2162 106 1
2162 1077 1
2162 15 1
2162 1567 1
2162 1599 1
2162 2163 1
2162 2164 1
2162 47 1
2165 15 1
2165 28 1
2166 102 1
2166 15 1
2166 20 1
2166 47 1
2167 133 1
2167 15 1
2167 1589 1
2167 1595 1
2167 2077 1
2167 2188 1
2167 2195 1
2167 2196 1
2167 47 1
2167 593 1
2167 78 1
2168 103 1
2168 1077 1
2168 1139 1
2168 128 1
2168 15 1
2168 1535 1
2168 20 1
2168 53 1
2170 15 1
2171 15 1
2171 38 1
217 142 1
217 144 1
217 151 1
217 183 1
217 20 1
2172 102 1
2172 1586 1
2172 1901 1
2172 2094 1
2172 38 1
2172 616 1
2172 784 1
2173 133 1
2173 15 1
2173 2074 1
2173 2077 1
2173 2078 1
2173 2174 1
2173 2175 1
2173 2176 1
2177 15 1
2177 1589 1
2177 1656 1
2177 539 1
2178 15 1
2178 2179 1
2180 2181 1
2180 38 1
218 142 1
218 144 1
2182 1077 1
2182 15 1
2182 616 1
2183 15 1
2183 2074 1
2183 2078 1
2183 2174 1
2183 2184 1
2183 28 1
2183 38 1
2185 102 1
2185 15 1
2185 40 1
2186 1888 1
2187 102 1
2187 1132 1
2187 1137 1
2187 15 1
2187 1583 1
2187 2188 1
2187 2189 1
2187 28 1
2187 38 1
2188 15 1
2188 38 1
2188 593 1
2188 616 1
2189 15 1
2189 40 1
2190 38 1
2191 133 1
2191 15 1
2191 1599 1
2191 2074 1
2191 2077 1
2191 2078 1
2191 2094 1
2191 2175 1
2191 2192 1
219 174 1
219 220 1
2193 102 1
2193 133 1
2193 15 1
2193 209 1
2193 2188 1
2194 102 1
2194 1077 1
2194 133 1
2194 15 1
2194 1913 1
2194 20 1
2194 2076 1
2194 2077 1
2194 658 1
2194 784 1
2197 1030 1
2197 1050 1
2197 1123 1
2197 15 1
2197 1594 1
2197 1887 1
2197 47 1
2197 593 1
2197 594 1
2198 1930 1
2198 1934 1
2198 1937 1
2198 1943 1
2198 1944 1
2198 1945 1
2198 2199 1
2198 2200 1
2198 2201 1
2198 2202 1
2198 247 1
2198 254 1
2198 281 1
2198 338 1
2198 385 1
2198 557 1
2198 616 1
2198 636 1
2198 658 1
2198 799 1
2198 804 1
2198 809 1
2199 2313 1
2199 2315 1
2200 2313 1
2200 2315 1
2201 2313 1
2201 2446 1
2202 15 1
2202 2313 1
2202 2315 1
2203 2076 1
2203 2077 1
2204 102 1
2204 133 1
2204 15 1
2204 1583 1
2204 1901 1
2204 2123 1
2204 2195 1
2204 38 1
2205 1915 1
2205 490 1
2206 102 1
2206 15 1
2207 102 1
2207 15 1
2207 1786 1
2207 1793 1
2207 2070 1
2207 2181 1
2207 38 1
2207 52 1
2208 2074 1
2208 2078 1
2209 20 1
2210 102 1
2210 1077 1
2210 15 1
2210 20 1
2210 2211 1
2210 487 1
2211 15 1
2211 2313 1
2211 2394 1
2211 2415 1
2211 2441 1
221 15 1
2211 616 1
221 183 1
2212 15 1
221 222 1
2213 15 1
2213 20 1
2213 40 1
2214 15 1
2214 40 1
2215 102 1
2215 1123 1
2215 15 1
2215 20 1
2216 102 1
2216 110 1
2216 1123 1
2216 15 1
2216 20 1
2216 47 1
22 17 1
2217 15 1
2218 15 1
2218 40 1
2219 1046 1
2219 148 1
2221 2054 1
2221 38 1
2222 15 1
2222 1889 1
2222 1901 1
2222 2046 1
2222 2089 1
2222 2223 1
2222 38 1
2225 15 1
2225 1583 1
2225 1586 1
2226 15 1
2226 1583 1
2226 1586 1
2226 20 1
2226 2052 1
2226 2220 1
2227 15 1
2227 1583 1
2227 1586 1
2227 2228 1
2228 15 1
2228 1583 1
2228 1586 1
2229 15 1
2229 1583 1
2229 1586 1
2229 1887 1
2229 20 1
2229 2220 1
2229 2228 1
2229 38 1
22 3 1
2231 1583 1
2231 1586 1
2231 20 1
2231 2220 1
223 213 1
2232 20 1
2233 2089 1
2233 2222 1
2234 148 1
2235 1168 1
2235 15 1
2235 1583 1
2235 1586 1
2235 1901 1
2236 15 1
2236 178 1
2236 2237 1
2236 2238 1
2236 608 1
2239 102 1
2239 1430 1
2239 15 1
2239 1989 1
2239 20 1
2239 2028 1
2239 2036 1
2239 2228 1
2240 2089 1
2240 2241 1
224 142 1
224 183 1
2242 1168 1
2242 1248 1
2242 15 1
2242 1874 1
2242 20 1
2242 2045 1
2242 2089 1
2242 2097 1
2242 2098 1
2242 2099 1
2242 2100 1
2242 2102 1
2242 2103 1
2242 2104 1
2242 2105 1
2242 2106 1
2242 2107 1
2242 2110 1
2242 2111 1
2242 2112 1
2242 2243 1
2242 2244 1
2242 2245 1
2242 2246 1
2242 2247 1
2242 2248 1
2242 2249 1
2242 2250 1
2242 2251 1
2243 15 1
2244 102 1
2244 15 1
2244 78 1
2245 102 1
2245 15 1
2245 38 1
2246 15 1
2246 1870 1
2246 38 1
2247 38 1
2248 38 1
22 5 1
2251 20 1
2251 38 1
225 183 1
2253 2098 1
2253 2104 1
2253 2112 1
2253 2254 1
2254 20 1
2255 102 1
2255 15 1
2255 1796 1
2255 1930 1
2255 1932 1
2255 1934 1
2255 1937 1
2255 1943 1
2255 1944 1
2255 1945 1
2255 2046 1
2255 2089 1
2255 2097 1
2255 2098 1
2255 2099 1
2255 2100 1
2255 2101 1
2255 2102 1
2255 2103 1
2255 2104 1
2255 2105 1
2255 2106 1
2255 2107 1
2255 2108 1
2255 2109 1
2255 2110 1
2255 2111 1
2255 2112 1
2255 2113 1
2255 2170 1
2255 2171 1
2255 2180 1
2255 2182 1
2255 2199 1
2255 2200 1
2255 2201 1
2255 2202 1
2255 2228 1
2255 2243 1
2255 2244 1
2255 2245 1
2255 2246 1
2255 2247 1
2255 2248 1
2255 2249 1
2255 2250 1
2255 2251 1
2255 2256 1
2255 2257 1
2255 2258 1
2255 2259 1
2255 2260 1
2255 2261 1
2255 2262 1
2255 2263 1
2255 2264 1
2255 2265 1
2255 2266 1
2255 2267 1
2255 247 1
2255 254 1
2255 281 1
2255 338 1
2255 38 1
2255 385 1
2255 432 1
2255 485 1
2255 487 1
2255 557 1
2255 616 1
2255 636 1
2255 653 1
2255 658 1
2255 78 1
2255 799 1
2255 804 1
2255 809 1
2259 15 1
2260 38 1
2261 15 1
226 183 1
226 215 1
2262 15 1
2262 2256 1
2263 15 1
2263 2256 1
2263 784 1
2264 1870 1
2265 15 1
2266 2365 1
2267 2313 1
2267 2315 1
2268 106 1
2268 15 1
2268 2269 1
2268 593 1
2268 608 1
2268 748 1
22 7 1
2271 20 1
227 13 1
227 142 1
227 148 1
2272 15 1
2272 2273 1
2274 15 1
2274 20 1
2275 102 1
2275 15 1
2276 102 1
2276 2097 1
2276 2118 1
2277 1051 1
2277 1134 1
2277 2097 1
2277 2118 1
2277 2278 1
2277 593 1
2279 2097 1
2279 2118 1
2280 15 1
2280 2281 1
2280 40 1
228 13 1
228 142 1
228 144 1
228 148 1
228 151 1
228 183 1
228 209 1
228 213 1
2282 15 1
2283 15 1
2283 40 1
228 38 1
2284 15 1
2284 40 1
2288 2076 1
2288 2077 1
2289 103 1
2289 1116 1
2289 1126 1
2289 1127 1
2289 128 1
2289 15 1
2289 1600 1
2289 2172 1
2289 2196 1
2289 2235 1
2289 38 1
2289 47 1
2289 53 1
2289 78 1
2289 784 1
2290 2097 1
2290 2118 1
2291 102 1
2291 15 1
2291 20 1
2291 209 1
2291 2166 1
2291 40 1
229 148 1
229 151 1
229 183 1
229 209 1
2292 2097 1
2292 2118 1
2293 1137 1
2293 2294 1
2295 1870 1
2295 1889 1
2295 2046 1
2295 2097 1
2295 2109 1
2295 40 1
2296 15 1
2296 1887 1
2296 2097 1
2296 2118 1
2296 594 1
2297 2097 1
2297 2118 1
2298 1889 1
2298 28 1
2299 2097 1
2299 2118 1
2299 2214 1
2300 1587 1
2300 2097 1
2300 2118 1
2300 2227 1
2301 1914 1
2301 2111 1
2301 2258 1
2301 38 1
230 148 1
230 15 1
230 175 1
2302 15 1
2302 1878 1
2302 1879 1
2302 2081 1
2302 2254 1
230 231 1
230 232 1
2303 1914 1
2303 2097 1
2303 2118 1
2303 2227 1
2304 102 1
2304 1889 1
2304 2097 1
2304 2118 1
2304 2189 1
2305 2049 1
2306 1168 1
2306 15 1
2306 2025 1
2306 2049 1
2306 2050 1
2306 2051 1
2306 2307 1
2308 15 1
2308 2051 1
2309 15 1
2310 2025 1
2310 2311 1
2310 40 1
2312 102 1
2312 15 1
2312 2313 1
2312 2314 1
2312 2315 1
2312 28 1
2312 38 1
2312 828 1
2313 102 1
2313 1077 1
2313 1320 1
2313 15 1
2313 20 1
2313 2337 1
2313 2341 1
2313 2356 1
2313 2363 1
2313 2390 1
2313 2400 1
2313 2401 1
2313 2402 1
2313 2403 1
2313 2404 1
2313 2405 1
2313 2406 1
2313 2407 1
2313 2408 1
2313 2409 1
2313 2410 1
2313 28 1
2313 38 1
2313 47 1
2313 510 1
2313 594 1
2313 791 1
2314 15 1
23 15 1
2315 102 1
2315 15 1
2315 20 1
2315 2330 1
2315 2341 1
2315 2363 1
2315 2398 1
2315 2415 1
2315 2416 1
2315 340 1
2315 38 1
2315 40 1
2315 526 1
2315 77 1
2315 828 1
2316 15 1
2316 2027 1
23 17 1
2317 15 1
2317 2025 1
2317 40 1
2317 747 1
2318 15 1
2318 2319 1
2318 38 1
2318 40 1
2320 40 1
2321 15 1
2321 2322 1
2321 607 1
2322 15 1
2322 2281 1
2322 40 1
2323 1421 1
2323 15 1
2323 1852 1
2323 2049 1
2323 2313 1
2323 2322 1
2323 2324 1
2323 38 1
2323 593 1
2323 828 1
23 24 1
2324 15 1
2325 15 1
2325 38 1
2325 40 1
2326 15 1
2327 15 1
2327 40 1
2328 15 1
2328 40 1
2329 20 1
2329 2313 1
2329 2315 1
2329 2330 1
2329 2331 1
23 3 1
2331 15 1
2331 2313 1
2331 2393 1
2331 2415 1
2331 2443 1
233 13 1
2331 340 1
233 142 1
233 183 1
2332 2333 1
2332 38 1
2333 15 1
2333 2315 1
2334 2335 1
2336 15 1
2336 2313 1
2336 2337 1
2337 15 1
2337 2313 1
2337 2464 1
2338 15 1
2338 2313 1
2338 2315 1
2339 15 1
2339 2313 1
2339 2315 1
2339 2330 1
2339 77 1
2340 15 1
2340 2313 1
2340 2315 1
2340 2341 1
2341 2315 1
2341 38 1
234 142 1
234 183 1
2342 2333 1
2342 38 1
2343 2315 1
2343 2344 1
2344 2315 1
2345 15 1
2345 2315 1
2345 2346 1
2346 15 1
2346 2315 1
2347 2348 1
2348 2356 1
2349 2315 1
2349 2350 1
2349 38 1
23 5 1
2351 15 1
2351 2313 1
2351 2315 1
235 13 1
235 142 1
235 148 1
235 151 1
235 183 1
235 209 1
2352 2353 1
2352 2354 1
2353 15 1
2353 340 1
2353 38 1
235 38 1
2354 2315 1
2355 15 1
2355 2313 1
2355 2315 1
2355 2356 1
2355 28 1
2355 38 1
2356 15 1
2356 2313 1
2356 2394 1
2356 2415 1
2356 2435 1
2356 2436 1
2356 604 1
2357 102 1
2357 2315 1
2357 2358 1
2358 2315 1
2359 2360 1
2359 38 1
2361 2362 1
2361 2363 1
236 148 1
236 183 1
2362 2313 1
236 237 1
2363 15 1
2363 20 1
2363 2315 1
236 4 1
2364 15 1
2364 20 1
2364 2313 1
2364 2315 1
2364 2330 1
2364 2365 1
2364 2366 1
2364 2367 1
2364 38 1
2364 787 1
2365 2417 1
2367 15 1
2367 20 1
2367 2398 1
2367 2412 1
2367 340 1
2367 38 1
2368 2313 1
2368 2356 1
2369 2315 1
2369 2333 1
2369 2365 1
2369 28 1
2369 38 1
2370 2313 1
2370 2315 1
2370 38 1
23 7 1
2371 2315 1
2371 2360 1
2371 2372 1
2371 38 1
237 20 1
2372 2315 1
237 224 1
237 236 1
237 243 1
237 245 1
237 315 1
2373 2374 1
237 337 1
237 340 1
237 374 1
2375 2348 1
2376 2333 1
2376 2377 1
2377 2315 1
237 78 1
2378 2377 1
2378 2379 1
2378 2380 1
2379 15 1
2379 2330 1
2379 2363 1
2380 15 1
2380 2330 1
2380 2377 1
2380 340 1
2380 38 1
2381 2354 1
238 183 1
2382 15 1
2382 2313 1
2382 2315 1
2382 2363 1
2382 2383 1
238 237 1
2383 15 1
238 32 1
2383 2313 1
2383 2414 1
2383 2415 1
2383 340 1
2383 712 1
2384 2385 1
2386 2333 1
2386 2387 1
2386 38 1
2387 2315 1
2388 2333 1
2389 1077 1
2389 110 1
2389 15 1
2389 2390 1
2389 2391 1
2389 38 1
2389 40 1
2389 47 1
239 183 1
2392 15 1
239 237 1
2393 38 1
2394 102 1
2394 1077 1
2394 15 1
2394 20 1
2394 2211 1
2394 2356 1
2394 2383 1
2394 2395 1
2394 2396 1
2394 38 1
2394 593 1
2394 594 1
2395 15 1
2395 47 1
2395 594 1
2397 15 1
2397 20 1
2397 2398 1
2397 2399 1
2397 38 1
2398 15 1
2398 20 1
2398 2313 1
2399 15 1
2399 1535 1
2399 20 1
2399 2364 1
2399 2366 1
2399 28 1
2399 38 1
2399 787 1
2400 1168 1
2400 15 1
2400 2500 1
2400 38 1
2400 474 1
2400 478 1
2400 513 1
240 183 1
2402 1077 1
2402 15 1
240 237 1
2402 38 1
2402 828 1
2403 2313 1
2403 2315 1
2403 28 1
2403 38 1
2403 748 1
2405 15 1
2405 2315 1
2406 15 1
2407 15 1
2407 20 1
2407 2313 1
2407 2315 1
2407 2399 1
2407 2581 1
2407 38 1
2409 15 1
2409 2313 1
2411 102 1
2411 15 1
2411 20 1
2411 2398 1
2411 38 1
241 150 1
241 183 1
241 187 1
2412 15 1
2412 20 1
2412 2397 1
2413 15 1
2413 2211 1
2413 38 1
2413 828 1
2414 38 1
2417 15 1
2418 102 1
2418 15 1
2418 20 1
2418 2313 1
2418 2330 1
2418 2419 1
2418 38 1
2419 15 1
2419 20 1
2419 2757 1
2420 15 1
2420 2315 1
2421 15 1
2421 2315 1
242 156 1
2422 1077 1
2422 15 1
2422 2423 1
2422 2424 1
2423 102 1
2423 1077 1
2423 1126 1
2423 15 1
2423 1605 1
2425 1930 1
2425 2313 1
2425 2415 1
2426 15 1
2426 2313 1
2426 2414 1
2426 2427 1
2428 15 1
2428 2313 1
2428 2415 1
2428 2429 1
2429 15 1
2429 2313 1
2429 2315 1
2430 15 1
2430 340 1
2431 15 1
2431 2202 1
2431 2313 1
2431 2414 1
2431 2415 1
243 144 1
2432 15 1
2432 1934 1
2432 2313 1
2432 2415 1
2433 2313 1
2433 2414 1
2433 2427 1
2434 15 1
2434 2313 1
2434 2363 1
2435 15 1
2435 2500 1
2435 474 1
2435 478 1
2435 513 1
2436 2356 1
2436 2383 1
2437 102 1
2437 15 1
2437 2313 1
2437 2415 1
2437 252 1
2437 38 1
2438 15 1
2438 20 1
2438 2313 1
2438 2315 1
2438 2330 1
2438 2415 1
2438 2418 1
2438 385 1
2439 15 1
2439 2313 1
2439 2415 1
2439 636 1
2440 2313 1
2440 2414 1
2440 2415 1
2440 254 1
2441 2211 1
2441 2313 1
244 13 1
244 15 1
244 183 1
2442 15 1
2442 2199 1
2442 2313 1
2442 2414 1
2442 2415 1
244 231 1
2443 15 1
2444 15 1
2444 2313 1
2444 2415 1
2444 2445 1
2446 15 1
2446 2201 1
2446 2313 1
2446 2414 1
2446 2415 1
2447 2313 1
2447 2330 1
2447 2414 1
2447 2415 1
2447 557 1
2448 15 1
2448 20 1
2448 2313 1
2448 2315 1
2448 2415 1
2448 2449 1
2448 2450 1
2449 15 1
2449 2313 1
2449 2315 1
2451 15 1
2451 1937 1
2451 2313 1
2451 2415 1
2452 15 1
2452 2313 1
2452 2415 1
2452 2453 1
245 246 1
245 247 1
245 248 1
2453 2313 1
2453 2315 1
2454 15 1
2454 2313 1
2454 2415 1
2454 2455 1
2455 15 1
2455 2313 1
2455 2315 1
2456 1943 1
2456 2313 1
2456 2415 1
2457 15 1
2457 2313 1
2457 2414 1
2457 2415 1
2457 2427 1
2457 804 1
2458 15 1
2458 2313 1
2458 2415 1
2458 799 1
2459 15 1
2459 2313 1
2459 2415 1
2459 658 1
2460 13 1
2460 15 1
2460 151 1
2460 2313 1
2460 2415 1
2461 2313 1
2461 2415 1
2461 281 1
2462 15 1
2462 2313 1
2462 2415 1
2462 809 1
2463 15 1
2463 1679 1
2463 20 1
2463 2313 1
2463 2315 1
2463 2415 1
2463 2450 1
2464 15 1
2464 2336 1
2465 1421 1
2465 1840 1
2465 2313 1
2465 2315 1
2465 2379 1
2465 2427 1
2465 2466 1
2465 4 1
2465 69 1
2467 15 1
2467 2313 1
2467 2330 1
2468 15 1
2468 2313 1
2468 2415 1
2468 2469 1
2469 15 1
2469 2313 1
2469 2315 1
2470 15 1
2470 1944 1
2470 2313 1
2470 2415 1
2471 15 1
2471 2313 1
2471 2415 1
2471 2472 1
247 15 1
2472 2313 1
2472 2315 1
2472 2329 1
247 2313 1
247 2315 1
2473 15 1
2473 2200 1
2473 2313 1
2473 2393 1
2473 2415 1
2473 2427 1
2474 15 1
2475 15 1
2475 2313 1
2475 340 1
2476 15 1
2476 1945 1
2476 2313 1
2476 2415 1
2477 15 1
2477 2313 1
2477 2415 1
2477 2478 1
2478 2313 1
2478 2315 1
2478 2329 1
2479 1123 1
2479 15 1
2479 38 1
2479 47 1
2480 1123 1
2480 1137 1
2480 1421 1
2480 15 1
2480 1840 1
2480 2313 1
2480 2315 1
2480 2341 1
2480 2379 1
2480 2398 1
2480 2425 1
2480 2426 1
2480 2428 1
2480 2431 1
2480 2432 1
2480 2433 1
2480 2434 1
2480 2438 1
2480 2439 1
2480 2440 1
2480 2442 1
2480 2444 1
2480 2446 1
2480 2447 1
2480 2448 1
2480 2452 1
2480 2454 1
2480 2456 1
2480 2457 1
2480 2458 1
2480 2459 1
2480 2460 1
2480 2462 1
2480 2463 1
2480 2466 1
2480 2467 1
2480 2468 1
2480 2470 1
2480 2471 1
2480 2473 1
2480 2475 1
2480 2476 1
2480 2477 1
2480 2481 1
2480 28 1
2480 4 1
2480 47 1
2480 638 1
2480 69 1
2480 787 1
248 115 1
248 116 1
248 137 1
248 15 1
248 17 1
248 20 1
248 2 1
2482 102 1
248 21 1
2482 20 1
2482 2315 1
2482 2363 1
2482 2390 1
2482 2406 1
2482 2412 1
2482 2483 1
2482 2484 1
2482 28 1
2482 38 1
248 28 1
248 3 1
248 38 1
248 4 1
2484 15 1
2484 28 1
2484 38 1
2484 40 1
2484 510 1
248 49 1
248 5 1
2485 15 1
2485 1569 1
2485 40 1
2486 15 1
2486 187 1
2486 38 1
248 641 1
248 642 1
248 643 1
2486 510 1
248 7 1
2487 15 1
2488 15 1
248 9 1
2489 15 1
2489 2412 1
2490 111 1
2490 1123 1
2490 1168 1
2490 15 1
2490 2491 1
2490 47 1
2492 1168 1
2492 15 1
2492 2493 1
249 246 1
2494 15 1
2494 1573 1
2494 187 1
2495 15 1
2495 1575 1
2495 28 1
2495 40 1
2495 510 1
2496 1168 1
2496 15 1
2497 1168 1
2498 38 1
2499 1168 1
2499 15 1
2499 20 1
2501 1168 1
2501 15 1
2501 38 1
2502 1168 1
2502 2313 1
2502 2467 1
2502 2503 1
250 246 1
250 251 1
250 252 1
2503 2467 1
2504 2313 1
2504 2315 1
2505 20 1
2505 2313 1
2506 1168 1
2506 15 1
2507 1168 1
2507 2315 1
2507 340 1
2508 2333 1
2508 2387 1
2508 2500 1
2508 38 1
2509 38 1
2510 1168 1
2510 2313 1
2510 2403 1
2511 28 1
2511 38 1
25 12 1
251 2 1
2512 2365 1
2513 2399 1
2513 2555 1
251 38 1
2514 2399 1
2514 2555 1
25 15 1
2515 2399 1
2515 2555 1
251 599 1
2516 28 1
251 665 1
2517 15 1
2518 15 1
2518 20 1
2518 2313 1
2518 2315 1
2518 2399 1
2518 2527 1
2518 38 1
2518 40 1
2519 15 1
2519 20 1
2519 2313 1
2519 2315 1
2519 2399 1
2519 785 1
2521 2365 1
2522 28 1
252 2313 1
252 2315 1
2522 69 1
2523 15 1
2524 15 1
2525 15 1
2525 599 1
25 26 1
2526 15 1
2526 1573 1
2526 1575 1
2526 1661 1
2526 2405 1
2526 2406 1
2526 2495 1
2526 28 1
2526 38 1
2526 40 1
2526 510 1
2527 15 1
2528 15 1
2529 15 1
2529 2315 1
2530 15 1
2530 2315 1
25 3 1
2531 15 1
2531 2315 1
2532 15 1
2532 2315 1
253 246 1
253 254 1
253 28 1
2533 15 1
2533 2315 1
2534 15 1
2534 2315 1
2535 15 1
2535 2315 1
2536 15 1
2536 2315 1
2537 15 1
2537 2315 1
2538 15 1
2538 2757 1
2538 38 1
2538 86 1
2539 15 1
2539 1535 1
2539 20 1
2539 2313 1
2540 783 1
2541 15 1
2541 20 1
254 15 1
2542 15 1
2542 20 1
2542 2313 1
2542 2315 1
2542 2399 1
2542 2559 1
254 2313 1
254 2315 1
2542 38 1
2543 15 1
2544 2399 1
2544 2521 1
2545 15 1
2545 20 1
2545 28 1
2545 38 1
2545 787 1
2546 1030 1
2546 15 1
2546 20 1
2547 78 1
2548 2366 1
2549 15 1
2549 20 1
2549 2330 1
2549 2364 1
2549 2366 1
2549 38 1
2550 15 1
25 5 1
2551 15 1
2551 2339 1
2551 77 1
2552 1077 1
2552 15 1
2552 20 1
2552 2394 1
255 246 1
2552 593 1
2552 594 1
2553 38 1
2554 15 1
2554 599 1
2555 15 1
2555 2365 1
2556 15 1
2556 1535 1
2556 20 1
2556 2313 1
2556 2315 1
2556 2399 1
2556 2557 1
2556 38 1
2557 15 1
2558 15 1
2558 20 1
2558 2071 1
2558 2399 1
2558 649 1
2559 15 1
2560 15 1
2560 20 1
2560 2261 1
2560 2399 1
2561 2072 1
2561 2313 1
2561 2315 1
2561 2399 1
2562 15 1
2562 20 1
2562 2114 1
2562 2313 1
2562 2315 1
2562 2399 1
256 246 1
256 257 1
2563 15 1
2563 20 1
2564 15 1
2564 20 1
2564 2399 1
2564 2565 1
2565 15 1
2566 15 1
2566 20 1
2566 2313 1
2566 2315 1
2566 2399 1
2566 2567 1
2566 38 1
2567 15 1
2568 15 1
2568 20 1
2568 2313 1
2568 2315 1
2568 2399 1
2568 2569 1
2569 15 1
2570 15 1
2570 20 1
2570 2399 1
2570 645 1
2571 2399 1
2571 653 1
257 2 1
2572 15 1
2572 20 1
257 3 1
2573 15 1
2573 2399 1
2573 660 1
257 38 1
257 4 1
2574 15 1
2574 20 1
2574 2313 1
2574 2315 1
2574 2399 1
2574 2575 1
2574 38 1
2574 649 1
257 5 1
2575 15 1
2575 649 1
2576 15 1
2576 20 1
2576 2313 1
2576 2315 1
2576 2399 1
2576 2528 1
2576 38 1
257 656 1
2577 15 1
2577 20 1
2577 2313 1
2577 2315 1
2577 2399 1
2577 2578 1
257 78 1
2578 15 1
2579 15 1
2579 20 1
2579 2313 1
2579 2315 1
2579 2399 1
2579 2517 1
2579 38 1
2580 15 1
2580 20 1
2580 2115 1
2580 2313 1
2580 2315 1
2580 2399 1
2580 38 1
2582 15 1
2582 2315 1
258 246 1
258 254 1
258 28 1
2583 2447 1
2584 38 1
2584 40 1
2585 40 1
2586 2587 1
2586 38 1
2586 557 1
2588 1945 1
2589 2313 1
2589 2447 1
2589 2476 1
2589 38 1
2589 40 1
2590 2390 1
2590 2440 1
2590 2447 1
2590 28 1
2590 38 1
2590 40 1
2590 485 1
2590 557 1
2591 2390 1
2591 2447 1
2591 38 1
2591 40 1
2591 557 1
2592 38 1
259 246 1
2593 2313 1
2593 2476 1
2594 2365 1
2594 2595 1
2594 38 1
2595 15 1
2595 20 1
2595 2313 1
2595 649 1
2596 1077 1
2596 15 1
2596 2597 1
2596 593 1
2598 13 1
2599 593 1
2600 103 1
2600 1077 1
2600 1139 1
2600 128 1
2600 15 1
2600 1535 1
2600 53 1
2601 102 1
2601 15 1
2601 40 1
2602 15 1
2602 40 1
260 246 1
260 261 1
260 262 1
2603 15 1
2603 783 1
2604 2315 1
2605 1308 1
2605 15 1
2605 40 1
2605 47 1
2605 594 1
2606 15 1
2606 2313 1
2606 2315 1
2606 77 1
2607 2447 1
2607 28 1
2607 38 1
2607 69 1
2608 2447 1
2608 38 1
2610 2211 1
2610 2315 1
2611 1030 1
2611 1050 1
2611 1051 1
2611 15 1
2611 2049 1
2611 2462 1
2611 2612 1
2611 593 1
2612 15 1
2612 2315 1
2612 638 1
2613 1123 1
2613 15 1
2613 2491 1
2614 1123 1
2614 638 1
2615 28 1
2615 38 1
2616 20 1
2617 15 1
2617 20 1
2617 2364 1
2617 2365 1
2617 2366 1
2618 2313 1
2618 2315 1
2618 38 1
2619 2313 1
2619 2315 1
2619 38 1
2620 38 1
2621 2313 1
2621 2315 1
2621 2440 1
2621 38 1
262 15 1
262 20 1
2622 2313 1
2622 2315 1
2622 2475 1
2622 38 1
2623 38 1
2624 2313 1
2624 2315 1
2624 2460 1
2624 38 1
2625 2313 1
2625 2315 1
2625 2438 1
2625 38 1
2626 2313 1
2626 2315 1
2626 38 1
2627 2313 1
2627 2315 1
2627 38 1
2628 2313 1
2628 2315 1
2628 38 1
2629 2313 1
2629 2315 1
2629 38 1
2630 15 1
2630 2267 1
2630 2313 1
2630 2315 1
2630 2426 1
2630 38 1
2630 748 1
2631 2313 1
2631 2315 1
2631 2459 1
2631 38 1
2632 2313 1
2632 2315 1
2632 2460 1
2632 38 1
263 251 1
263 252 1
2633 15 1
2633 2313 1
2633 2315 1
2633 38 1
2634 15 1
2634 2315 1
2634 28 1
2635 2313 1
2635 2315 1
2635 38 1
2636 15 1
2636 2313 1
2636 2315 1
2636 38 1
2636 712 1
2636 748 1
2637 38 1
2638 102 1
2638 15 1
2638 2313 1
2638 2315 1
2638 38 1
2638 748 1
2639 2313 1
2639 2315 1
2639 2379 1
2639 38 1
2640 2313 1
2640 2315 1
2640 2442 1
2640 38 1
2641 1421 1
2641 2211 1
2641 2356 1
2641 2383 1
2641 2425 1
2641 2428 1
2641 2431 1
2641 2432 1
2641 2438 1
2641 2439 1
2641 2440 1
2641 2442 1
2641 2444 1
2641 2446 1
2641 2447 1
2641 2448 1
2641 2452 1
2641 2454 1
2641 2456 1
2641 2457 1
2641 2458 1
2641 2459 1
2641 2462 1
2641 2463 1
2641 2468 1
2641 2470 1
2641 2471 1
2641 2473 1
2641 2476 1
2641 2477 1
2641 4 1
2641 69 1
2642 20 1
2642 2364 1
2642 2365 1
2642 2366 1
2642 2417 1
264 246 1
2643 15 1
2644 15 1
2644 2313 1
2644 2315 1
2645 1168 1
2646 15 1
2646 20 1
2646 2364 1
2647 15 1
2647 20 1
2648 15 1
2648 20 1
2648 2315 1
2649 15 1
2649 28 1
2649 38 1
2650 28 1
2651 2211 1
2651 2315 1
2652 2447 1
2652 28 1
2652 38 1
265 246 1
2653 15 1
2653 20 1
2654 38 1
2655 15 1
2656 15 1
2656 1601 1
2657 15 1
2658 2313 1
2658 2315 1
2659 2520 1
2659 2526 1
2659 38 1
2659 40 1
2660 15 1
2661 1421 1
2661 1569 1
2662 15 1
2662 2394 1
266 246 1
2663 15 1
2663 2383 1
2664 15 1
2665 1569 1
2665 2439 1
2666 1569 1
2666 2438 1
2667 2495 1
2668 1569 1
2668 2477 1
2669 15 1
2669 2394 1
2670 15 1
2670 2488 1
2671 102 1
2671 15 1
2671 2394 1
2671 2484 1
2671 38 1
2672 15 1
267 246 1
2673 15 1
2673 1569 1
2673 2315 1
2673 2341 1
2673 2582 1
2674 2356 1
2675 2211 1
2675 2356 1
2676 15 1
2676 1569 1
2676 2579 1
2677 15 1
2677 1569 1
2677 2463 1
2677 2582 1
2678 1569 1
2679 15 1
2679 1569 1
2679 2428 1
2680 1569 1
2680 4 1
2681 15 1
2681 1569 1
2681 2383 1
268 246 1
2683 15 1
2683 1569 1
2683 2447 1
2683 2488 1
2684 15 1
2684 1569 1
2684 2440 1
2685 15 1
2686 15 1
2686 2488 1
2687 15 1
2688 1569 1
2689 1569 1
2689 2315 1
2689 2452 1
2690 1569 1
2691 1569 1
2691 2471 1
2692 1050 1
2692 15 1
2692 2049 1
2692 2484 1
2692 38 1
269 246 1
2692 593 1
269 261 1
269 270 1
2693 1569 1
2693 69 1
2694 15 1
2694 1569 1
2694 2458 1
2695 15 1
2695 1569 1
2695 2425 1
2696 15 1
2696 2488 1
2697 15 1
2697 2211 1
2697 2394 1
2697 594 1
2698 15 1
2698 1569 1
2698 2442 1
2699 15 1
2699 2488 1
2700 1569 1
2700 2444 1
2701 1569 1
270 15 1
270 20 1
2702 15 1
2702 2488 1
2703 1569 1
2703 2488 1
2704 102 1
2704 15 1
2704 1569 1
2704 2488 1
2705 15 1
2706 15 1
2706 77 1
2707 15 1
2707 1569 1
2707 2647 1
2708 15 1
2708 2647 1
2709 1569 1
2710 1569 1
2711 15 1
2711 1569 1
2711 2473 1
2712 15 1
271 246 1
271 261 1
271 272 1
27 13 1
2713 102 1
2713 15 1
2714 15 1
2714 1569 1
2714 2488 1
27 15 1
2715 15 1
2715 2394 1
2716 15 1
2716 1569 1
2716 2476 1
2717 15 1
2717 1569 1
2717 2456 1
2718 15 1
2718 2315 1
2719 1569 1
2719 2459 1
27 20 1
2720 1569 1
2720 2462 1
2721 15 1
2721 1569 1
2721 2446 1
272 15 1
272 20 1
2722 15 1
2722 2488 1
2723 15 1
2723 1569 1
2723 2457 1
2724 1569 1
2725 15 1
2726 15 1
2727 15 1
27 28 1
2728 15 1
2728 1569 1
27 29 1
2729 1569 1
27 30 1
2730 15 1
2730 2488 1
27 31 1
2731 15 1
2731 2488 1
27 32 1
2732 15 1
2732 1569 1
2732 2448 1
2732 2582 1
273 246 1
27 33 1
2733 15 1
27 34 1
2734 15 1
27 35 1
2735 15 1
2735 1569 1
27 36 1
2736 1569 1
2736 2468 1
27 37 1
2737 15 1
2737 1569 1
2737 2331 1
27 38 1
2738 15 1
2738 2488 1
27 39 1
2739 15 1
2739 1569 1
2739 2431 1
27 40 1
2740 1569 1
2740 2454 1
27 41 1
2741 15 1
2741 1569 1
2741 2398 1
2741 2488 1
2741 2648 1
274 20 1
27 42 1
2742 15 1
2742 2383 1
274 246 1
2743 15 1
274 38 1
2744 1569 1
2744 2470 1
2745 15 1
2746 15 1
2747 2748 1
2749 1569 1
2749 2432 1
2750 15 1
2751 15 1
2751 783 1
2752 15 1
2752 38 1
275 246 1
2752 828 1
2753 15 1
2753 38 1
2754 1139 1
2754 1248 1
2754 15 1
2754 20 1
2754 2313 1
2755 20 1
2755 2313 1
2756 102 1
2756 15 1
2756 2657 1
2756 38 1
2756 828 1
2758 20 1
2758 2313 1
2759 15 1
2759 28 1
2759 40 1
2759 510 1
2760 2757 1
2760 38 1
2761 15 1
2761 20 1
2761 2313 1
2762 20 1
2762 2313 1
276 246 1
2763 38 1
2764 20 1
2764 2313 1
2765 106 1
2765 15 1
2765 40 1
2765 599 1
2766 15 1
2766 38 1
2766 828 1
2767 38 1
2768 15 1
2768 20 1
2768 2769 1
2768 2770 1
2771 15 1
2771 2597 1
2771 38 1
2771 599 1
2772 15 1
2772 20 1
2772 2313 1
277 246 1
277 261 1
277 278 1
2772 783 1
2773 1554 1
2774 20 1
2774 2313 1
2775 15 1
2776 15 1
2776 20 1
2777 102 1
2777 15 1
2777 2416 1
2777 28 1
2777 38 1
2778 15 1
2778 2769 1
2779 15 1
2779 1535 1
2779 20 1
2779 2313 1
2780 2495 1
2781 15 1
2781 20 1
2781 2313 1
278 15 1
278 20 1
2782 15 1
2782 20 1
2782 2313 1
2782 539 1
2783 2416 1
2784 2757 1
2784 38 1
2785 15 1
278 520 1
2786 15 1
2787 15 1
2787 1569 1
2788 1569 1
2789 15 1
2789 1569 1
2790 15 1
2791 15 1
2791 1569 1
2792 1569 1
279 246 1
2793 15 1
2793 1569 1
2794 15 1
2794 1569 1
2795 38 1
2796 15 1
2797 1569 1
2798 1569 1
2799 1569 1
2799 2757 1
2800 1569 1
2801 15 1
2801 1569 1
2802 1569 1
280 246 1
280 28 1
280 281 1
2803 1569 1
2804 15 1
2804 1569 1
2805 1569 1
2806 15 1
2806 1569 1
2807 15 1
2807 1569 1
2808 15 1
2808 2315 1
2808 2416 1
2808 38 1
2809 1051 1
2809 1146 1
2809 15 1
2809 2491 1
2809 40 1
2809 539 1
2809 599 1
2810 20 1
2810 2313 1
2810 2398 1
2811 20 1
2811 2313 1
2811 2398 1
281 15 1
2812 20 1
2812 2313 1
2812 2398 1
281 2313 1
281 2315 1
2813 20 1
2813 2313 1
2813 2398 1
2814 15 1
2815 20 1
2815 2313 1
2815 2398 1
2816 20 1
2816 2313 1
2816 2398 1
2817 15 1
2817 20 1
2818 15 1
2818 20 1
2818 2313 1
2818 649 1
2819 20 1
2819 2313 1
2820 20 1
2820 2313 1
2821 15 1
2822 20 1
2822 2313 1
282 246 1
282 28 1
282 281 1
2823 20 1
2823 2313 1
2824 1050 1
2824 110 1
2824 15 1
2824 593 1
2825 15 1
2825 2481 1
2826 15 1
2826 40 1
2827 38 1
2828 15 1
2828 2491 1
2829 15 1
2829 2830 1
2829 38 1
2829 47 1
2830 15 1
2830 2238 1
2830 2838 1
2830 38 1
2830 40 1
2831 15 1
2832 111 1
2832 15 1
2832 2491 1
283 246 1
2833 1147 1
2833 1148 1
2833 1358 1
2834 1153 1
2834 15 1
2835 15 1
2835 38 1
2836 1153 1
2836 15 1
2836 2491 1
2837 15 1
2839 15 1
2839 40 1
2840 15 1
2840 40 1
2841 2842 1
2841 38 1
2841 40 1
284 246 1
284 261 1
284 285 1
2843 15 1
2843 20 1
2843 40 1
2844 15 1
2844 2845 1
2846 15 1
2847 15 1
2847 2491 1
2847 38 1
2847 40 1
2847 47 1
2848 1050 1
2848 106 1
2848 20 1
2848 2491 1
2848 38 1
2849 102 1
2849 20 1
2849 2491 1
2849 28 1
2849 38 1
2850 38 1
2851 20 1
285 15 1
285 18 1
2852 15 1
2852 2330 1
2853 15 1
2854 15 1
2854 2539 1
2854 2855 1
2854 40 1
2856 15 1
2856 2777 1
2856 38 1
2856 40 1
2857 2752 1
2857 38 1
2858 15 1
2858 20 1
2859 102 1
2859 15 1
2859 2398 1
2859 38 1
2860 15 1
2860 40 1
2861 15 1
2862 15 1
286 246 1
286 261 1
2863 2821 1
2864 20 1
2865 15 1
2865 2539 1
287 28 1
288 15 1
288 28 1
289 15 1
289 28 1
290 15 1
290 28 1
291 15 1
291 28 1
292 252 1
293 246 1
294 246 1
294 261 1
294 295 1
295 15 1
295 20 1
296 246 1
297 20 1
298 20 1
299 20 1
300 246 1
300 261 1
300 301 1
301 15 1
301 20 1
302 246 1
303 246 1
304 246 1
304 261 1
304 305 1
305 15 1
305 20 1
306 143 1
306 151 1
306 183 1
307 13 1
307 143 1
307 148 1
307 151 1
307 183 1
307 20 1
307 38 1
307 78 1
308 20 1
309 15 1
309 20 1
309 310 1
309 311 1
309 312 1
313 13 1
313 151 1
313 156 1
313 20 1
313 314 1
313 315 1
313 316 1
313 38 1
317 102 1
317 315 1
317 318 1
317 319 1
319 20 1
319 784 1
320 13 1
320 150 1
320 151 1
320 152 1
320 156 1
320 315 1
320 316 1
320 321 1
320 322 1
320 323 1
320 324 1
320 325 1
320 326 1
320 327 1
322 78 1
323 20 1
323 784 1
324 20 1
325 148 1
325 151 1
325 338 1
325 783 1
328 329 1
329 20 1
329 38 1
329 485 1
329 78 1
329 785 1
330 15 1
330 20 1
330 315 1
330 38 1
331 315 1
331 38 1
332 156 1
332 20 1
332 314 1
332 315 1
332 316 1
332 333 1
334 314 1
334 321 1
334 335 1
336 13 1
336 142 1
336 148 1
336 151 1
336 20 1
336 214 1
336 315 1
336 32 1
336 337 1
336 338 1
336 38 1
336 78 1
338 15 1
338 2313 1
338 2315 1
339 152 1
339 20 1
339 229 1
339 315 1
339 340 1
339 341 1
339 78 1
340 20 1
340 2315 1
341 15 1
341 16 1
341 17 1
341 18 1
341 20 1
341 2 1
341 28 1
341 3 1
341 38 1
341 4 1
341 5 1
341 591 1
341 596 1
341 7 1
341 9 1
342 13 1
342 142 1
342 149 1
342 151 1
342 183 1
342 20 1
342 217 1
342 235 1
342 343 1
342 38 1
344 315 1
344 316 1
344 322 1
345 20 1
345 230 1
345 315 1
345 340 1
345 346 1
345 78 1
346 148 1
346 175 1
346 20 1
346 3 1
346 32 1
346 403 1
347 20 1
347 340 1
347 348 1
347 78 1
349 151 1
349 20 1
349 234 1
349 28 1
349 340 1
349 350 1
349 38 1
349 78 1
351 152 1
351 20 1
351 230 1
351 315 1
351 340 1
351 346 1
351 78 1
352 151 1
352 153 1
352 20 1
352 217 1
352 233 1
352 315 1
352 340 1
352 353 1
352 354 1
352 78 1
352 85 1
354 144 1
354 151 1
354 156 1
354 28 1
354 315 1
354 38 1
354 396 1
354 60 1
355 20 1
355 356 1
355 76 1
357 156 1
357 20 1
357 207 1
357 226 1
357 315 1
357 340 1
357 78 1
358 20 1
358 356 1
358 359 1
359 15 1
359 17 1
359 2 1
359 3 1
359 310 1
359 311 1
359 37 1
359 4 1
359 5 1
359 60 1
359 631 1
359 632 1
359 636 1
359 637 1
359 638 1
360 20 1
360 230 1
360 76 1
361 144 1
361 151 1
361 156 1
361 20 1
361 261 1
361 28 1
361 362 1
361 38 1
364 15 1
364 20 1
364 28 1
364 38 1
367 20 1
367 328 1
367 368 1
368 20 1
369 20 1
369 328 1
369 370 1
370 20 1
371 20 1
371 207 1
371 223 1
371 340 1
371 363 1
371 78 1
372 148 1
372 156 1
372 164 1
372 20 1
372 218 1
372 221 1
372 315 1
372 340 1
372 373 1
372 78 1
373 151 1
373 156 1
373 315 1
373 38 1
373 396 1
373 60 1
375 183 1
375 315 1
375 354 1
375 363 1
375 365 1
375 366 1
375 376 1
375 377 1
378 13 1
378 142 1
378 150 1
379 156 1
379 20 1
379 380 1
381 20 1
381 230 1
382 15 1
382 20 1
382 28 1
382 383 1
382 384 1
382 385 1
382 386 1
382 387 1
384 152 1
384 315 1
384 340 1
384 385 1
384 567 1
384 78 1
385 15 1
385 2313 1
385 2315 1
386 395 1
388 15 1
390 144 1
390 391 1
392 78 1
393 148 1
393 150 1
393 15 1
393 175 1
393 3 1
393 394 1
395 15 1
395 156 1
397 20 1
398 143 1
399 348 1
399 391 1
401 156 1
401 20 1
401 314 1
402 156 1
403 3 1
403 60 1
404 151 1
404 20 1
404 405 1
404 406 1
404 407 1
404 85 1
406 1077 1
406 1123 1
406 15 1
406 2313 1
406 2323 1
406 2336 1
406 2355 1
406 2364 1
406 2368 1
406 2382 1
406 2383 1
406 2404 1
406 2408 1
406 2409 1
406 2410 1
406 2518 1
406 2519 1
406 2520 1
406 28 1
406 38 1
406 593 1
406 748 1
406 791 1
407 15 1
408 11 1
408 148 1
408 183 1
409 151 1
409 183 1
409 315 1
409 316 1
409 348 1
410 156 1
410 20 1
410 315 1
410 411 1
412 310 1
412 396 1
412 413 1
413 15 1
414 144 1
414 148 1
415 156 1
415 20 1
415 416 1
417 151 1
417 38 1
417 405 1
417 418 1
419 142 1
419 156 1
419 377 1
419 396 1
419 420 1
421 144 1
421 148 1
421 183 1
421 85 1
422 171 1
422 173 1
422 20 1
422 315 1
422 377 1
422 38 1
422 400 1
422 411 1
422 423 1
422 424 1
425 183 1
426 12 1
426 13 1
426 142 1
426 148 1
426 15 1
426 151 1
426 167 1
426 175 1
426 200 1
426 24 1
426 3 1
426 405 1
426 416 1
426 423 1
426 427 1
426 428 1
426 429 1
426 430 1
426 431 1
426 432 1
426 85 1
43 15 1
43 20 1
432 15 1
432 20 1
432 2313 1
432 2315 1
432 783 1
433 142 1
433 144 1
433 183 1
434 156 1
435 416 1
435 60 1
436 38 1
436 405 1
436 437 1
436 85 1
438 183 1
438 439 1
440 156 1
441 165 1
441 405 1
441 418 1
44 15 1
44 16 1
44 20 1
442 13 1
442 148 1
442 15 1
442 151 1
442 183 1
442 200 1
442 327 1
442 423 1
442 443 1
44 3 1
44 4 1
444 150 1
444 156 1
44 42 1
444 28 1
444 38 1
444 416 1
444 445 1
44 45 1
444 60 1
44 46 1
44 47 1
446 144 1
446 396 1
446 428 1
446 447 1
448 15 1
448 60 1
44 9 1
449 13 1
449 151 1
449 38 1
450 13 1
450 156 1
450 261 1
450 28 1
450 364 1
450 376 1
450 38 1
450 428 1
450 451 1
452 28 1
452 38 1
453 246 1
453 261 1
453 28 1
453 3 1
453 310 1
453 32 1
453 329 1
453 335 1
453 377 1
453 38 1
453 454 1
453 455 1
453 456 1
453 457 1
453 458 1
453 459 1
453 460 1
453 461 1
453 5 1
453 6 1
462 28 1
462 3 1
462 315 1
462 364 1
462 38 1
462 455 1
462 463 1
462 464 1
462 465 1
462 466 1
462 467 1
462 468 1
462 469 1
470 144 1
471 20 1
472 473 1
472 474 1
472 475 1
472 476 1
477 478 1
479 104 1
479 135 1
479 15 1
479 20 1
479 301 1
479 305 1
479 315 1
479 343 1
479 38 1
479 480 1
479 481 1
479 482 1
479 483 1
479 484 1
479 485 1
479 486 1
479 487 1
479 78 1
479 86 1
480 102 1
480 15 1
480 20 1
480 323 1
481 15 1
481 494 1
481 508 1
48 15 1
48 16 1
48 17 1
482 123 1
482 15 1
482 20 1
482 329 1
482 38 1
48 3 1
484 18 1
484 20 1
484 3 1
484 499 1
484 6 1
484 7 1
48 49 1
48 5 1
485 15 1
485 2315 1
485 2370 1
485 2587 1
485 38 1
486 15 1
486 2313 1
486 2315 1
487 15 1
487 2313 1
487 2315 1
487 2364 1
487 2366 1
487 2542 1
487 38 1
488 109 1
488 20 1
488 38 1
488 427 1
488 489 1
488 490 1
491 109 1
491 20 1
491 492 1
493 15 1
493 494 1
495 20 1
496 497 1
498 497 1
500 497 1
501 476 1
50 15 1
50 16 1
50 17 1
502 15 1
502 20 1
502 315 1
50 28 1
50 3 1
503 476 1
50 38 1
504 15 1
504 20 1
504 362 1
50 49 1
50 5 1
50 51 1
505 15 1
50 52 1
50 53 1
505 497 1
506 497 1
50 7 1
507 102 1
507 15 1
507 20 1
507 315 1
507 364 1
507 38 1
50 9 1
509 15 1
509 20 1
509 510 1
511 15 1
511 494 1
51 15 1
51 20 1
512 15 1
512 476 1
512 513 1
513 2400 1
514 20 1
515 364 1
515 38 1
515 78 1
516 102 1
516 15 1
516 476 1
516 517 1
516 518 1
519 15 1
519 476 1
521 15 1
521 42 1
521 497 1
52 15 1
522 15 1
522 20 1
523 109 1
523 20 1
524 109 1
524 20 1
525 406 1
525 526 1
525 78 1
527 11 1
527 166 1
527 170 1
527 17 1
527 20 1
527 3 1
527 447 1
527 528 1
527 60 1
529 38 1
530 20 1
530 2 1
530 3 1
530 4 1
530 5 1
530 6 1
530 7 1
530 9 1
531 100 1
531 3 1
531 32 1
531 38 1
531 4 1
531 532 1
531 533 1
531 7 1
531 85 1
534 13 1
534 3 1
535 100 1
535 11 1
535 15 1
535 3 1
535 38 1
535 60 1
535 85 1
536 15 1
536 16 1
536 20 1
536 209 1
536 2 1
536 3 1
536 4 1
536 49 1
536 85 1
536 94 1
537 13 1
537 3 1
538 113 1
538 15 1
538 3 1
538 539 1
540 11 1
540 15 1
540 170 1
540 20 1
540 3 1
540 447 1
540 60 1
540 9 1
541 11 1
541 15 1
541 166 1
541 170 1
541 17 1
541 20 1
541 3 1
541 447 1
54 15 1
541 60 1
542 15 1
54 3 1
543 100 1
543 11 1
543 15 1
543 3 1
543 32 1
543 38 1
543 4 1
543 532 1
543 533 1
543 60 1
543 7 1
543 85 1
544 13 1
544 3 1
545 3 1
546 20 1
546 3 1
546 7 1
547 113 1
547 170 1
547 3 1
548 100 1
548 15 1
548 17 1
548 3 1
548 38 1
548 549 1
548 67 1
548 85 1
550 3 1
551 67 1
55 17 1
552 67 1
55 3 1
553 67 1
554 20 1
55 5 1
555 20 1
55 56 1
55 57 1
55 58 1
55 59 1
55 60 1
55 6 1
556 20 1
556 557 1
55 7 1
557 15 1
557 2313 1
557 2315 1
558 156 1
558 20 1
558 261 1
558 362 1
558 38 1
558 51 1
558 559 1
558 78 1
559 15 1
559 2313 1
559 2315 1
559 2544 1
560 20 1
560 34 1
560 561 1
562 20 1
562 36 1
562 494 1
562 563 1
564 102 1
564 15 1
564 565 1
564 566 1
568 144 1
568 20 1
568 385 1
568 4 1
568 569 1
570 102 1
570 15 1
570 20 1
571 20 1
572 38 1
572 573 1
572 574 1
572 575 1
572 576 1
577 1 1
578 341 1
578 38 1
579 1 1
580 388 1
581 380 1
581 38 1
582 20 1
582 36 1
582 392 1
582 396 1
582 583 1
582 584 1
582 585 1
586 380 1
586 38 1
587 15 1
587 20 1
588 13 1
588 151 1
588 589 1
588 590 1
591 140 1
591 15 1
591 17 1
591 209 1
591 589 1
591 592 1
591 593 1
591 594 1
591 595 1
591 71 1
596 110 1
596 15 1
596 406 1
597 15 1
598 15 1
598 38 1
598 599 1
598 600 1
598 601 1
600 15 1
600 599 1
602 15 1
602 170 1
602 2 1
602 248 1
602 28 1
602 3 1
602 38 1
602 4 1
602 47 1
602 603 1
602 604 1
602 6 1
602 78 1
602 95 1
604 15 1
604 2356 1
605 15 1
605 606 1
605 607 1
605 608 1
609 341 1
609 359 1
609 76 1
609 78 1
611 125 1
611 15 1
611 17 1
611 3 1
61 15 1
611 6 1
611 7 1
61 20 1
61 2 1
612 102 1
612 15 1
612 38 1
61 3 1
613 102 1
613 12 1
613 15 1
613 167 1
613 17 1
613 28 1
613 3 1
613 4 1
613 47 1
613 5 1
613 591 1
613 6 1
613 7 1
614 20 1
614 3 1
614 4 1
614 5 1
61 5 1
615 16 1
615 17 1
615 18 1
615 3 1
615 5 1
615 6 1
615 616 1
615 7 1
615 9 1
616 15 1
61 62 1
616 2211 1
61 7 1
617 15 1
617 16 1
617 17 1
617 18 1
617 3 1
617 4 1
617 46 1
617 47 1
617 5 1
617 6 1
617 618 1
617 7 1
617 9 1
619 20 1
619 78 1
620 20 1
620 341 1
620 78 1
621 1 1
621 20 1
621 78 1
622 20 1
622 78 1
623 15 1
623 20 1
623 78 1
624 15 1
624 20 1
624 78 1
625 15 1
625 78 1
626 125 1
626 13 1
626 15 1
626 17 1
626 20 1
626 2 1
626 3 1
626 32 1
626 37 1
626 4 1
626 42 1
626 5 1
626 56 1
626 60 1
626 627 1
626 628 1
626 629 1
626 630 1
626 631 1
626 632 1
626 633 1
626 634 1
626 635 1
626 70 1
626 7 1
63 20 1
63 38 1
636 15 1
636 2313 1
636 2315 1
639 15 1
639 17 1
639 631 1
639 632 1
640 15 1
640 17 1
640 38 1
640 631 1
640 632 1
64 20 1
644 15 1
644 209 1
645 15 1
646 15 1
646 16 1
646 17 1
646 18 1
646 20 1
646 2 1
646 3 1
646 38 1
646 406 1
646 4 1
646 47 1
646 49 1
646 5 1
646 56 1
646 60 1
646 628 1
646 629 1
646 647 1
646 648 1
646 649 1
646 650 1
646 651 1
646 652 1
646 653 1
646 69 1
646 7 1
646 75 1
646 9 1
65 12 1
65 20 1
65 3 1
653 15 1
653 2365 1
653 2564 1
653 2576 1
654 10 1
654 102 1
654 103 1
654 128 1
654 15 1
654 16 1
654 17 1
654 20 1
65 42 1
654 2 1
654 21 1
654 3 1
654 362 1
654 38 1
654 391 1
654 4 1
654 42 1
654 49 1
654 50 1
654 5 1
654 51 1
654 53 1
654 56 1
654 60 1
654 6 1
654 628 1
654 629 1
654 647 1
654 648 1
654 655 1
654 67 1
654 69 1
654 7 1
654 75 1
654 9 1
65 5 1
655 15 1
655 20 1
655 2399 1
655 2550 1
65 56 1
65 6 1
65 66 1
65 67 1
65 68 1
65 69 1
65 70 1
65 7 1
657 10 1
657 103 1
65 71 1
657 128 1
657 15 1
657 16 1
657 170 1
657 17 1
657 20 1
65 72 1
657 2 1
657 21 1
657 3 1
657 362 1
657 38 1
657 391 1
657 4 1
657 42 1
657 49 1
657 5 1
657 53 1
657 56 1
657 60 1
657 6 1
657 628 1
657 629 1
657 647 1
657 648 1
657 658 1
657 67 1
657 69 1
657 7 1
657 9 1
658 15 1
658 2313 1
658 2315 1
660 15 1
660 2366 1
660 2513 1
660 2514 1
660 2515 1
661 101 1
661 112 1
661 124 1
661 15 1
661 3 1
662 15 1
662 2 1
663 15 1
663 2 1
663 28 1
663 3 1
663 32 1
663 38 1
663 4 1
663 490 1
663 5 1
663 6 1
664 15 1
664 20 1
664 28 1
664 38 1
664 40 1
664 406 1
664 63 1
666 20 1
666 479 1
666 667 1
666 668 1
666 669 1
666 670 1
666 671 1
666 672 1
666 673 1
666 674 1
666 675 1
666 676 1
666 677 1
666 678 1
666 679 1
666 680 1
666 681 1
666 682 1
666 683 1
666 684 1
666 685 1
666 686 1
666 687 1
666 688 1
666 689 1
666 690 1
666 691 1
666 692 1
666 693 1
666 694 1
666 695 1
666 696 1
666 697 1
666 698 1
666 699 1
666 700 1
701 15 1
701 20 1
701 28 1
701 338 1
701 38 1
702 15 1
702 20 1
702 28 1
702 338 1
702 38 1
703 15 1
703 20 1
703 28 1
703 338 1
703 340 1
703 38 1
704 15 1
704 38 1
704 98 1
705 15 1
705 20 1
705 594 1
706 310 1
706 497 1
707 246 1
707 38 1
708 102 1
708 15 1
708 246 1
708 315 1
709 246 1
709 76 1
710 15 1
710 246 1
711 712 1
712 15 1
712 2313 1
712 2315 1
712 748 1
713 416 1
714 261 1
714 466 1
714 520 1
714 715 1
716 110 1
716 111 1
716 15 1
716 47 1
716 499 1
716 615 1
716 616 1
717 16 1
717 17 1
717 18 1
717 3 1
717 5 1
717 6 1
717 7 1
717 9 1
718 246 1
718 261 1
718 311 1
719 15 1
720 20 1
721 246 1
721 292 1
72 137 1
721 38 1
72 15 1
72 16 1
72 170 1
72 17 1
722 246 1
722 263 1
722 38 1
72 3 1
723 20 1
72 4 1
724 261 1
724 466 1
724 472 1
724 473 1
724 474 1
724 513 1
724 715 1
72 49 1
72 5 1
725 466 1
72 6 1
72 641 1
72 645 1
726 466 1
72 7 1
727 246 1
727 38 1
72 78 1
728 15 1
728 20 1
728 38 1
728 400 1
728 40 1
728 594 1
728 729 1
728 730 1
728 731 1
72 9 1
73 15 1
73 16 1
73 17 1
73 20 1
732 385 1
73 3 1
733 144 1
733 348 1
733 385 1
734 209 1
734 385 1
73 49 1
73 5 1
735 385 1
736 28 1
736 3 1
736 340 1
73 7 1
737 15 1
738 20 1
73 9 1
739 15 1
739 3 1
739 740 1
739 741 1
74 16 1
74 17 1
742 15 1
742 20 1
74 3 1
743 15 1
743 17 1
743 18 1
743 21 1
743 28 1
743 3 1
743 4 1
743 5 1
743 601 1
743 6 1
743 7 1
743 740 1
743 741 1
74 38 1
744 3 1
744 5 1
744 6 1
744 741 1
744 745 1
744 85 1
74 49 1
74 5 1
74 6 1
746 747 1
746 748 1
74 7 1
74 75 1
74 76 1
74 77 1
74 78 1
74 9 1
749 10 1
749 15 1
749 17 1
749 3 1
749 4 1
749 5 1
749 6 1
749 7 1
749 740 1
749 741 1
749 750 1
749 9 1
751 10 1
751 3 1
751 391 1
751 394 1
751 5 1
751 56 1
751 6 1
751 67 1
751 69 1
752 109 1
752 20 1
752 40 1
752 741 1
753 15 1
753 406 1
753 754 1
754 1421 1
754 15 1
754 2313 1
754 2315 1
754 2341 1
754 2383 1
754 2425 1
754 2428 1
754 2431 1
754 2432 1
754 2438 1
754 2439 1
754 2440 1
754 2442 1
754 2444 1
754 2446 1
754 2447 1
754 2448 1
754 2452 1
754 2454 1
754 2456 1
754 2457 1
754 2458 1
754 2459 1
754 2462 1
754 2463 1
754 2468 1
754 2470 1
754 2473 1
754 2476 1
754 4 1
754 69 1
755 15 1
755 406 1
756 15 1
756 406 1
757 15 1
757 3 1
757 406 1
758 20 1
758 310 1
758 517 1
758 518 1
758 759 1
760 15 1
760 3 1
760 406 1
760 610 1
761 15 1
761 183 1
762 246 1
763 20 1
763 38 1
763 395 1
763 494 1
763 764 1
764 20 1
765 20 1
765 406 1
765 763 1
765 766 1
765 767 1
768 36 1
768 396 1
769 310 1
769 396 1
769 770 1
771 156 1
771 20 1
77 15 1
77 20 1
772 20 1
77 2313 1
77 2315 1
772 340 1
77 2398 1
77 2538 1
77 2539 1
772 761 1
772 773 1
772 78 1
77 38 1
774 142 1
774 148 1
774 151 1
774 153 1
774 20 1
774 233 1
774 340 1
774 764 1
774 78 1
775 741 1
775 776 1
777 729 1
777 778 1
779 15 1
780 364 1
780 38 1
781 20 1
781 28 1
781 38 1
78 15 1
78 1535 1
78 20 1
782 102 1
782 15 1
78 2313 1
78 2315 1
78 2329 1
78 2338 1
78 2339 1
78 2340 1
78 2351 1
78 2364 1
78 2366 1
78 2370 1
78 2380 1
78 2556 1
78 28 1
783 1247 1
783 15 1
783 20 1
78 38 1
78 40 1
785 15 1
78 526 1
786 20 1
786 787 1
78 77 1
78 784 1
788 15 1
789 15 1
789 599 1
790 15 1
790 20 1
790 406 1
790 593 1
790 780 1
790 791 1
790 792 1
791 2313 1
79 20 1
793 13 1
793 148 1
793 151 1
793 783 1
794 13 1
794 142 1
794 15 1
794 78 1
794 783 1
795 15 1
795 20 1
795 38 1
795 485 1
796 281 1
796 783 1
796 797 1
798 20 1
798 350 1
798 38 1
798 797 1
798 799 1
798 86 1
799 2313 1
799 2315 1
800 254 1
800 783 1
800 797 1
801 13 1
801 148 1
801 151 1
80 17 1
80 20 1
802 148 1
80 3 1
803 28 1
803 38 1
803 797 1
803 804 1
80 42 1
804 2313 1
804 2315 1
80 5 1
805 102 1
805 148 1
805 20 1
805 254 1
805 28 1
805 338 1
805 38 1
80 56 1
805 797 1
80 6 1
806 20 1
80 67 1
80 68 1
80 69 1
80 70 1
80 7 1
80 71 1
807 15 1
807 20 1
807 254 1
807 28 1
807 38 1
807 490 1
807 557 1
80 81 1
808 148 1
808 15 1
80 82 1
808 797 1
808 809 1
809 15 1
809 2313 1
809 2315 1
809 638 1
8 10 1
810 20 1
810 28 1
810 792 1
810 797 1
810 811 1
810 812 1
810 813 1
8 11 1
811 338 1
8 12 1
812 142 1
812 148 1
812 15 1
812 406 1
812 78 1
8 13 1
813 20 1
813 38 1
813 405 1
813 406 1
813 85 1
814 338 1
814 797 1
815 485 1
816 15 1
816 559 1
817 20 1
817 406 1
818 20 1
818 38 1
818 406 1
819 15 1
819 20 1
820 20 1
821 15 1
82 12 1
82 136 1
82 137 1
82 15 1
82 16 1
82 170 1
82 17 1
822 20 1
822 321 1
822 322 1
822 329 1
822 38 1
82 26 1
822 78 1
82 3 1
823 20 1
82 4 1
824 13 1
82 49 1
82 5 1
825 15 1
825 209 1
825 38 1
825 406 1
825 594 1
82 6 1
826 102 1
826 15 1
826 20 1
826 28 1
826 31 1
826 338 1
826 38 1
826 40 1
82 641 1
826 485 1
82 659 1
82 660 1
826 604 1
826 78 1
826 783 1
826 827 1
826 828 1
826 86 1
82 7 1
82 78 1
82 9 1
829 827 1
830 13 1
830 15 1
830 20 1
830 78 1
830 783 1
8 3 1
83 15 1
831 731 1
831 832 1
83 20 1
832 15 1
832 38 1
832 40 1
832 731 1
832 840 1
833 106 1
833 110 1
833 111 1
833 15 1
833 38 1
833 40 1
833 47 1
833 594 1
833 652 1
833 731 1
833 834 1
833 835 1
833 836 1
833 837 1
833 838 1
833 839 1
833 840 1
841 102 1
841 106 1
841 110 1
841 15 1
841 38 1
841 47 1
84 15 1
841 649 1
841 731 1
841 842 1
841 843 1
84 20 1
84 21 1
84 3 1
844 15 1
844 729 1
844 778 1
84 5 1
845 110 1
845 111 1
845 15 1
845 38 1
845 47 1
845 731 1
845 832 1
845 835 1
845 840 1
845 842 1
845 846 1
845 847 1
845 848 1
845 849 1
84 85 1
84 86 1
850 15 1
850 842 1
850 851 1
852 125 1
852 15 1
852 17 1
852 20 1
852 3 1
852 38 1
852 40 1
852 4 1
852 5 1
852 6 1
852 7 1
852 840 1
852 842 1
852 843 1
852 851 1
852 853 1
852 854 1
852 855 1
856 310 1
856 497 1
856 857 1
856 858 1
856 859 1
856 860 1
857 561 1
861 20 1
861 561 1
862 13 1
862 20 1
862 30 1
862 3 1
862 32 1
862 340 1
862 38 1
862 40 1
862 494 1
862 513 1
862 525 1
862 766 1
862 78 1
862 863 1
862 864 1
862 865 1
866 261 1
866 3 1
866 364 1
866 38 1
866 42 1
866 627 1
866 867 1
866 868 1
869 102 1
869 246 1
869 377 1
869 870 1
869 871 1
869 872 1
8 7 1
87 20 1
873 15 1
873 729 1
874 20 1
875 12 1
875 15 1
875 167 1
875 2 1
875 3 1
875 499 1
875 876 1
875 877 1
878 15 1
878 18 1
878 261 1
878 40 1
878 466 1
878 47 1
878 715 1
878 879 1
880 520 1
880 715 1
88 15 1
881 520 1
88 16 1
88 17 1
881 715 1
882 520 1
882 715 1
88 3 1
883 12 1
883 15 1
883 167 1
883 3 1
884 111 1
884 12 1
884 15 1
884 167 1
884 181 1
884 3 1
884 47 1
884 835 1
884 885 1
88 49 1
88 5 1
886 110 1
886 111 1
886 15 1
886 181 1
886 47 1
886 615 1
886 741 1
886 776 1
886 885 1
886 887 1
886 888 1
88 9 1
889 111 1
889 15 1
889 181 1
889 47 1
889 615 1
889 741 1
889 776 1
889 885 1
890 15 1
890 310 1
890 311 1
890 715 1
890 878 1
890 880 1
890 881 1
890 882 1
890 891 1
890 892 1
890 893 1
890 894 1
8 9 1
89 15 1
89 20 1
89 3 1
895 20 1
895 377 1
895 884 1
896 897 1
898 899 1
900 901 1
90 20 1
902 28 1
902 38 1
902 604 1
903 20 1
903 377 1
904 181 1
904 835 1
904 885 1
905 20 1
905 377 1
906 615 1
906 616 1
906 907 1
908 15 1
908 181 1
908 3 1
908 840 1
908 909 1
908 910 1
908 911 1
908 912 1
908 913 1
91 15 1
91 2 1
91 3 1
914 15 1
914 3 1
914 46 1
91 5 1
915 181 1
915 615 1
915 741 1
915 776 1
915 885 1
916 2 1
916 917 1
91 7 1
918 12 1
918 15 1
918 167 1
918 3 1
918 499 1
918 6 1
918 907 1
919 12 1
919 15 1
91 92 1
919 3 1
919 4 1
919 5 1
919 6 1
919 835 1
919 9 1
920 12 1
920 15 1
920 38 1
920 4 1
920 42 1
920 494 1
920 5 1
920 6 1
920 70 1
920 9 1
920 921 1
920 922 1
92 15 1
92 20 1
92 2 1
92 3 1
923 109 1
923 20 1
923 38 1
924 110 1
924 15 1
924 181 1
924 20 1
924 38 1
924 492 1
924 615 1
924 741 1
924 776 1
924 835 1
924 885 1
924 887 1
924 888 1
925 729 1
925 778 1
92 6 1
92 610 1
926 901 1
927 12 1
927 13 1
927 5 1
927 6 1
927 928 1
928 1040 1
928 1041 1
928 12 1
928 13 1
928 167 1
928 17 1
928 20 1
928 3 1
928 4 1
928 5 1
928 6 1
928 7 1
928 747 1
928 995 1
92 91 1
929 930 1
929 931 1
931 12 1
931 167 1
931 20 1
931 3 1
931 747 1
932 12 1
932 13 1
932 17 1
932 21 1
932 4 1
932 49 1
932 5 1
932 6 1
932 7 1
932 928 1
932 933 1
932 934 1
932 935 1
93 3 1
933 1029 1
933 1036 1
933 1037 1
933 11 1
933 12 1
933 13 1
933 167 1
933 17 1
933 174 1
933 2 1
933 24 1
933 3 1
933 32 1
933 4 1
933 5 1
933 528 1
933 60 1
933 6 1
933 7 1
933 747 1
933 995 1
934 12 1
934 13 1
934 15 1
934 167 1
934 17 1
934 3 1
934 5 1
934 6 1
934 649 1
934 7 1
934 747 1
934 995 1
935 1034 1
935 15 1
935 16 1
935 17 1
935 18 1
935 2 1
935 28 1
935 3 1
935 40 1
935 4 1
935 5 1
935 6 1
935 7 1
935 9 1
936 930 1
936 931 1
936 937 1
937 1012 1
937 11 1
937 12 1
937 15 1
937 16 1
937 17 1
937 20 1
937 3 1
937 35 1
937 4 1
937 5 1
937 60 1
937 6 1
937 7 1
937 766 1
937 9 1
937 987 1
938 930 1
938 931 1
938 937 1
939 20 1
939 3 1
93 94 1
939 4 1
939 5 1
939 6 1
939 937 1
939 940 1
941 930 1
941 931 1
941 937 1
942 12 1
942 15 1
942 17 1
942 21 1
942 3 1
942 4 1
942 5 1
942 6 1
942 7 1
942 928 1
942 934 1
942 943 1
942 944 1
942 945 1
942 946 1
943 11 1
943 12 1
943 15 1
943 16 1
943 167 1
943 3 1
943 60 1
943 747 1
943 9 1
944 1031 1
944 12 1
944 167 1
944 17 1
944 20 1
944 3 1
944 4 1
944 5 1
944 6 1
944 747 1
944 995 1
947 930 1
947 931 1
947 937 1
948 931 1
948 937 1
948 949 1
950 12 1
950 17 1
950 21 1
950 3 1
950 4 1
950 49 1
950 5 1
950 6 1
950 7 1
950 928 1
950 933 1
950 934 1
950 943 1
951 12 1
951 13 1
951 17 1
951 4 1
951 49 1
95 15 1
951 5 1
95 16 1
951 6 1
951 933 1
952 930 1
952 931 1
952 937 1
95 3 1
953 930 1
953 931 1
953 937 1
95 4 1
954 15 1
954 165 1
954 24 1
954 3 1
954 4 1
954 5 1
954 6 1
954 747 1
954 828 1
954 955 1
954 956 1
954 957 1
954 958 1
954 959 1
954 960 1
95 75 1
95 9 1
961 12 1
961 15 1
961 17 1
961 3 1
961 4 1
961 49 1
96 15 1
961 5 1
961 6 1
961 943 1
961 962 1
961 963 1
96 20 1
962 12 1
962 15 1
962 167 1
962 17 1
962 5 1
962 6 1
962 7 1
962 747 1
963 21 1
963 3 1
963 5 1
963 6 1
964 20 1
964 3 1
964 400 1
964 4 1
964 49 1
964 5 1
964 6 1
965 12 1
965 15 1
965 165 1
965 17 1
965 3 1
965 32 1
965 4 1
965 49 1
965 5 1
965 7 1
965 962 1
965 966 1
967 12 1
967 165 1
967 17 1
967 21 1
967 3 1
967 5 1
967 6 1
967 7 1
967 963 1
967 966 1
967 968 1
967 969 1
967 970 1
967 971 1
967 972 1
967 973 1
968 12 1
968 15 1
968 17 1
968 21 1
968 28 1
968 3 1
968 4 1
968 49 1
968 5 1
968 6 1
968 7 1
968 928 1
968 933 1
968 943 1
968 966 1
968 984 1
968 985 1
968 987 1
968 988 1
968 990 1
969 12 1
969 15 1
969 17 1
969 21 1
969 28 1
969 3 1
969 4 1
969 5 1
969 6 1
969 7 1
969 928 1
969 933 1
969 943 1
969 987 1
969 988 1
969 989 1
970 12 1
970 17 1
970 3 1
970 4 1
970 5 1
970 6 1
970 7 1
970 986 1
970 987 1
971 12 1
971 3 1
97 15 1
971 5 1
971 6 1
971 986 1
97 20 1
973 12 1
973 17 1
973 21 1
973 3 1
973 4 1
973 49 1
973 5 1
973 6 1
973 7 1
973 928 1
973 933 1
973 962 1
973 984 1
973 985 1
974 12 1
974 17 1
974 3 1
974 4 1
974 5 1
974 6 1
974 7 1
974 933 1
974 975 1
976 12 1
976 15 1
976 17 1
976 21 1
976 3 1
976 4 1
976 49 1
976 5 1
976 6 1
976 7 1
976 933 1
976 962 1
976 977 1
976 978 1
976 979 1
976 980 1
978 12 1
978 17 1
978 21 1
978 3 1
978 5 1
978 6 1
978 928 1
978 985 1
978 991 1
97 98 1
980 3 1
980 5 1
980 6 1
980 991 1
980 992 1
981 12 1
981 17 1
981 3 1
981 5 1
981 6 1
981 7 1
981 933 1
981 962 1
981 982 1
981 983 1
983 12 1
983 17 1
983 21 1
983 3 1
983 4 1
983 5 1
983 6 1
983 928 1
983 933 1
983 984 1
983 985 1
983 986 1
983 991 1
984 1044 1
984 1057 1
984 12 1
984 13 1
984 167 1
984 17 1
984 20 1
984 3 1
984 5 1
984 6 1
984 7 1
984 747 1
984 995 1
985 12 1
985 13 1
985 142 1
985 15 1
985 167 1
985 21 1
985 4 1
985 5 1
985 6 1
985 747 1
985 995 1
986 1046 1
986 1047 1
986 12 1
986 13 1
986 167 1
986 17 1
986 21 1
986 3 1
986 4 1
986 49 1
986 5 1
986 6 1
986 7 1
986 747 1
986 995 1
987 17 1
987 2 1
987 3 1
987 5 1
987 6 1
987 7 1
99 100 1
991 1474 1
991 1478 1
991 1479 1
991 1480 1
991 15 1
991 20 1
99 15 1
991 828 1
991 959 1
99 20 1
992 1062 1
992 122 1
992 15 1
992 16 1
992 17 1
992 174 1
992 3 1
992 5 1
992 6 1
992 67 1
992 69 1
992 7 1
992 747 1
992 828 1
992 9 1
993 3 1
994 12 1
994 17 1
994 21 1
994 3 1
994 4 1
994 5 1
994 6 1
994 7 1
994 933 1
994 995 1
994 996 1
996 1032 1
996 12 1
996 13 1
996 167 1
996 17 1
996 21 1
996 3 1
996 4 1
996 49 1
996 5 1
996 6 1
996 747 1
996 995 1
997 12 1
997 17 1
997 21 1
997 3 1
997 5 1
997 6 1
997 7 1
997 986 1
998 113 1
998 12 1
998 15 1
998 170 1
998 17 1
998 21 1
998 28 1
998 3 1
998 4 1
998 49 1
998 5 1
998 539 1
998 6 1
998 7 1
998 928 1
998 933 1
998 943 1
998 986 1
998 987 1
998 988 1
998 989 1
998 999 1
