1000 12 1
1000 15 1
1000 17 1
1000 21 1
1000 3 1
1000 4 1
1000 49 1
1000 5 1
1000 539 1
1000 6 1
1000 7 1
1000 934 1
1000 943 1
1000 987 1
1000 988 1
1000 989 1
1001 1002 1
1001 1003 1
1001 1004 1
1001 1005 1
1001 1006 1
1001 15 1
1001 20 1
1001 24 1
1001 3 1
1001 38 1
1001 5 1
1001 7 1
1003 1024 1
1003 15 1
1003 1520 1
1003 17 1
1003 2 1
1003 24 1
1003 3 1
1003 4 1
1003 5 1
1003 599 1
1003 6 1
1003 71 1
1003 747 1
1003 828 1
1003 955 1
1003 999 1
1007 1000 1
1007 1008 1
1007 12 1
1007 15 1
1007 17 1
1007 3 1
1007 4 1
1007 49 1
1007 5 1
1007 539 1
1007 6 1
1007 7 1
1007 943 1
1007 962 1
1007 987 1
1007 989 1
1007 994 1
1007 997 1
1007 998 1
1008 15 1
1009 12 1
1009 17 1
1009 3 1
1009 5 1
1009 7 1
1009 962 1
1009 994 1
1009 997 1
1010 20 1
1010 3 1
1010 400 1
1010 4 1
1010 5 1
1010 6 1
101 102 1
101 103 1
1011 1008 1
101 11 1
1011 12 1
1011 17 1
1011 3 1
1011 32 1
1011 4 1
1011 49 1
101 15 1
1011 5 1
101 16 1
101 17 1
1011 7 1
1011 933 1
1011 934 1
101 21 1
101 3 1
1013 15 1
1013 20 1
1013 3 1
1013 4 1
1013 5 1
1013 6 1
101 38 1
101 4 1
1014 1015 1
1014 15 1
1014 17 1
1014 20 1
1014 21 1
1014 3 1
1014 38 1
1014 49 1
1014 5 1
1014 6 1
1014 7 1
101 49 1
101 5 1
101 6 1
1016 12 1
1016 20 1
1016 3 1
1016 38 1
1016 4 1
1016 5 1
1016 6 1
101 67 1
101 69 1
1016 931 1
1017 15 1
1017 20 1
1017 21 1
1017 3 1
1017 4 1
1017 6 1
1018 1005 1
1018 1019 1
1018 1020 1
1018 12 1
1018 165 1
1018 20 1
1018 3 1
1018 38 1
101 9 1
1021 1022 1
1021 1023 1
1021 1024 1
1021 122 1
1021 15 1
1021 165 1
1021 170 1
1021 17 1
1021 24 1
1021 3 1
1021 4 1
1021 49 1
1021 5 1
1021 6 1
1021 67 1
1021 7 1
1021 747 1
1021 828 1
1021 955 1
1021 957 1
1021 958 1
1021 966 1
1025 1018 1
1025 1020 1
1025 15 1
1025 17 1
1025 24 1
1025 3 1
1025 4 1
1025 49 1
1025 5 1
1025 6 1
1025 7 1
1025 955 1
1025 957 1
1026 1027 1
1026 12 1
1026 20 1
1026 310 1
1026 311 1
1026 958 1
1026 959 1
1028 1029 1
1028 1030 1
1028 137 1
1028 174 1
1028 209 1
1028 3 1
103 1077 1
1031 15 1
103 15 1
1033 1034 1
1033 137 1
1033 140 1
1033 209 1
1033 3 1
1033 5 1
1033 6 1
1033 7 1
103 40 1
1035 11 1
1035 12 1
1035 13 1
1035 167 1
1035 17 1
1035 2 1
1035 3 1
1035 32 1
1035 5 1
1035 60 1
1035 6 1
1035 649 1
1035 7 1
1035 747 1
1035 995 1
1038 137 1
1038 174 1
1038 3 1
1039 1019 1
1039 15 1
1039 17 1
1039 2 1
1039 3 1
1039 5 1
1039 6 1
1039 7 1
1041 15 1
104 17 1
104 2 1
1042 1043 1
1042 1044 1
1042 12 1
1042 17 1
1042 2 1
1042 21 1
1042 3 1
1042 4 1
1042 5 1
1042 6 1
1042 7 1
104 28 1
104 3 1
104 38 1
104 4 1
1045 140 1
1045 15 1
1045 209 1
1045 589 1
1045 593 1
1045 594 1
1048 12 1
1048 17 1
1048 21 1
1048 3 1
1048 4 1
1048 49 1
1048 5 1
1048 6 1
1048 7 1
1049 1029 1
1049 1030 1
1049 1050 1
1049 1051 1
1049 15 1
1049 16 1
1049 17 1
1049 18 1
1049 2 1
1049 3 1
1049 40 1
1049 4 1
1049 5 1
1049 7 1
1049 9 1
105 106 1
1052 11 1
1052 12 1
1052 13 1
1052 167 1
1052 17 1
1052 2 1
1052 3 1
1052 32 1
1052 5 1
1052 60 1
1052 6 1
1052 649 1
1052 7 1
1052 747 1
1052 995 1
1053 137 1
1053 3 1
1054 12 1
1054 13 1
1054 15 1
1054 16 1
1054 17 1
1054 3 1
1054 4 1
1054 49 1
1054 5 1
1054 601 1
1054 6 1
1054 7 1
1054 9 1
1054 999 1
1055 15 1
1055 17 1
1055 2 1
1055 28 1
1055 3 1
1055 40 1
1055 4 1
1055 49 1
1055 5 1
1055 6 1
1055 7 1
1055 9 1
1055 988 1
1056 1044 1
1056 1057 1
1056 137 1
1056 140 1
1056 15 1
1056 174 1
1056 175 1
1058 1036 1
1058 13 1
1058 137 1
1058 140 1
1058 174 1
1058 209 1
1058 24 1
1058 3 1
1058 32 1
1058 71 1
1059 12 1
1059 17 1
1059 2 1
1059 3 1
1059 38 1
1059 4 1
1059 49 1
1059 5 1
1059 6 1
1059 7 1
1059 995 1
1060 137 1
1060 3 1
1061 11 1
1061 12 1
1061 13 1
1061 167 1
1061 17 1
1061 2 1
1061 3 1
1061 32 1
1061 5 1
1061 60 1
1061 6 1
1061 649 1
1061 7 1
1061 747 1
1061 995 1
1063 1064 1
1063 13 1
1063 17 1
1063 21 1
1063 3 1
1063 4 1
1063 49 1
1063 5 1
1063 6 1
1063 7 1
1063 9 1
1063 999 1
1065 1013 1
1065 1066 1
1065 15 1
1065 40 1
1065 539 1
1065 731 1
1065 747 1
1065 959 1
1065 966 1
1066 15 1
1067 1013 1
1067 1066 1
1067 1068 1
1067 15 1
1067 40 1
1067 731 1
1067 747 1
1067 959 1
1067 966 1
1069 1013 1
1069 1066 1
1069 1068 1
1069 15 1
1069 40 1
1069 731 1
1069 747 1
1069 959 1
1069 966 1
1070 1013 1
1070 1066 1
1070 1068 1
1070 15 1
1070 165 1
1070 40 1
1070 731 1
1070 747 1
1070 959 1
1070 966 1
1071 1013 1
1071 1066 1
1071 1068 1
1071 15 1
1071 40 1
1071 731 1
1071 747 1
1071 959 1
1071 966 1
107 20 1
1072 1013 1
1072 1066 1
1072 15 1
1072 40 1
1072 731 1
1072 747 1
1072 959 1
1072 966 1
1073 1013 1
1073 1066 1
1073 1068 1
1073 15 1
1073 40 1
1073 731 1
1073 747 1
1073 959 1
1073 966 1
1074 15 1
1075 15 1
1075 959 1
1075 960 1
1076 1077 1
1076 15 1
1078 15 1
1078 20 1
1078 38 1
1078 649 1
1079 1080 1
1079 47 1
1079 991 1
1080 15 1
1080 2 1
1080 24 1
1080 959 1
108 109 1
108 110 1
1081 1082 1
108 111 1
1081 47 1
108 15 1
108 17 1
108 20 1
108 2 1
108 21 1
108 3 1
1083 1082 1
1083 1084 1
1083 38 1
1083 47 1
108 4 1
108 42 1
1084 2408 1
1084 2413 1
1084 2519 1
1084 2520 1
1084 2543 1
1084 2545 1
1084 2559 1
1084 2561 1
1084 2562 1
1084 2563 1
1084 2565 1
1084 2567 1
1084 2569 1
1084 2571 1
1084 2574 1
1084 2575 1
1084 2577 1
1084 2578 1
1084 2580 1
1084 2610 1
1084 638 1
1084 655 1
108 47 1
108 5 1
1085 1050 1
1085 1082 1
1085 15 1
1085 47 1
108 56 1
1086 1087 1
1086 1088 1
1086 1089 1
1086 148 1
1086 175 1
1086 183 1
1086 510 1
108 67 1
108 68 1
108 69 1
108 7 1
108 71 1
108 9 1
1090 1089 1
1090 1091 1
1090 1092 1
1090 1093 1
1090 533 1
1094 137 1
1094 140 1
1094 17 1
1094 175 1
1094 2 1
1094 3 1
1094 4 1
1094 49 1
1094 510 1
1094 7 1
1094 955 1
1095 1096 1
1095 1097 1
1098 1097 1
1098 4 1
1099 137 1
1099 140 1
1099 17 1
1099 175 1
1099 2 1
1099 3 1
1099 4 1
1099 49 1
1099 510 1
1099 7 1
1099 955 1
1100 1087 1
1100 148 1
1100 183 1
1100 532 1
1101 1087 1
1101 1088 1
1101 1089 1
1101 148 1
1101 175 1
1101 183 1
1101 510 1
1102 1089 1
1102 1091 1
1102 1092 1
1102 1093 1
1102 1103 1
1102 533 1
1104 137 1
1104 140 1
1104 17 1
1104 175 1
1104 2 1
1104 3 1
1104 4 1
1104 49 1
1104 5 1
1104 510 1
1104 6 1
1104 7 1
1104 955 1
1105 137 1
1105 140 1
1105 17 1
1105 175 1
1105 2 1
1105 3 1
1105 4 1
1105 49 1
1105 5 1
1105 510 1
1105 6 1
1105 7 1
1105 955 1
1106 137 1
1106 140 1
1106 17 1
1106 175 1
1106 2 1
1106 3 1
1106 4 1
1106 49 1
1106 5 1
1106 510 1
1106 6 1
1106 7 1
1106 955 1
1107 137 1
1107 140 1
1107 17 1
1107 175 1
1107 2 1
1107 3 1
1107 4 1
1107 49 1
1107 5 1
1107 510 1
1107 6 1
1107 7 1
1107 955 1
1108 1087 1
1108 1088 1
1108 1089 1
1108 148 1
1108 175 1
1108 183 1
1108 510 1
1109 1089 1
1109 1091 1
1109 1092 1
1109 1093 1
1109 533 1
1110 38 1
1110 747 1
1111 137 1
1111 140 1
1111 17 1
1111 209 1
1111 2 1
1111 3 1
1111 4 1
1111 49 1
1111 7 1
1112 1087 1
1112 1088 1
1112 1089 1
1112 148 1
1112 175 1
1112 183 1
1112 510 1
1113 1089 1
1113 1091 1
1113 1092 1
1113 1093 1
1113 533 1
1114 38 1
1114 638 1
1115 1077 1
1115 1116 1
1115 15 1
1117 1077 1
1117 110 1
1117 1118 1
1117 1119 1
1117 1120 1
1117 15 1
1117 20 1
1117 38 1
1117 385 1
1117 593 1
1118 102 1
1118 1218 1
1118 1219 1
1118 20 1
1120 15 1
112 102 1
1121 1077 1
112 11 1
112 113 1
1121 15 1
112 15 1
112 16 1
112 17 1
1121 78 1
112 21 1
1122 1123 1
1122 1124 1
1122 385 1
112 3 1
112 38 1
112 4 1
112 49 1
112 5 1
1125 1126 1
1125 1127 1
1125 15 1
112 53 1
1125 38 1
1125 47 1
112 6 1
112 67 1
112 69 1
1128 1116 1
1128 1129 1
112 9 1
1130 729 1
1131 1132 1
1131 385 1
1133 102 1
1133 1132 1
1133 1134 1
1133 15 1
1135 15 1
1135 20 1
1136 1030 1
1136 1047 1
1136 1051 1
1136 1137 1
1136 1138 1
1136 1139 1
1136 15 1
1136 20 1
1136 78 1
1136 959 1
1140 102 1
1140 1141 1
1140 638 1
1141 1096 1
1141 1193 1
1141 1195 1
1141 1241 1
1141 1276 1
1141 1277 1
1141 1278 1
114 115 1
114 116 1
1141 20 1
114 15 1
1141 966 1
114 20 1
114 2 1
1142 1143 1
1142 1144 1
1142 15 1
1142 20 1
1142 78 1
1142 959 1
114 3 1
1143 15 1
114 38 1
1144 1044 1
1144 1057 1
1144 142 1
1144 209 1
1145 111 1
1145 1141 1
1145 1146 1
1145 1147 1
1145 1148 1
1145 1149 1
1145 1150 1
1145 1151 1
1145 1152 1
1145 1153 1
1145 1154 1
1145 1155 1
1145 1156 1
1145 1157 1
1145 1158 1
1145 1159 1
1145 1160 1
1145 1161 1
1145 1162 1
1145 15 1
1145 165 1
1145 178 1
1145 20 1
1145 38 1
1145 40 1
1145 747 1
1145 966 1
1149 15 1
1149 20 1
1150 1064 1
1150 1267 1
1150 20 1
1150 828 1
1154 1184 1
1154 1190 1
1154 20 1
1155 1029 1
1155 1040 1
1155 1184 1
1155 1190 1
1155 1196 1
1155 20 1
1156 1029 1
1156 1040 1
1156 20 1
1156 38 1
1157 1046 1
1157 1190 1
1157 1196 1
1157 20 1
1157 209 1
1158 1040 1
1158 1190 1
1158 1196 1
1158 20 1
1159 1029 1
1159 1040 1
1159 1184 1
1159 1190 1
1159 20 1
1160 1029 1
1160 1040 1
1160 1190 1
1160 1196 1
1160 20 1
1161 1029 1
1161 1040 1
1161 1096 1
1161 1184 1
1161 1190 1
1161 20 1
1162 1184 1
1162 1190 1
1162 1196 1
1162 1274 1
1162 20 1
1162 4 1
1163 1164 1
1163 15 1
1163 209 1
1163 594 1
1165 594 1
1166 40 1
1167 1153 1
1167 1164 1
1167 1168 1
1167 1169 1
1167 1170 1
1167 1171 1
1167 1172 1
1167 1173 1
1167 1174 1
1167 1175 1
1167 1176 1
1167 1177 1
1167 1178 1
1167 1179 1
1167 15 1
1167 151 1
1167 174 1
1167 175 1
1167 178 1
1167 20 1
1167 209 1
1167 3 1
1167 38 1
1167 40 1
1167 589 1
1167 784 1
117 15 1
117 20 1
117 5 1
1180 15 1
1180 20 1
1181 1182 1
1181 20 1
118 15 1
118 20 1
118 21 1
1183 1184 1
1183 1185 1
1183 1186 1
1183 1187 1
1183 20 1
1183 40 1
1183 784 1
1183 989 1
118 5 1
1185 1096 1
1185 20 1
1186 15 1
1187 1228 1
1188 1118 1
1188 1184 1
1188 1185 1
1188 1189 1
1188 1190 1
1188 1191 1
1188 1192 1
1188 1193 1
1188 784 1
119 15 1
119 17 1
119 3 1
1194 1184 1
1194 1195 1
1194 1196 1
119 49 1
119 5 1
1197 1141 1
1197 638 1
1198 1192 1
1198 38 1
1199 1184 1
1199 1195 1
1199 1196 1
1200 1044 1
1200 1057 1
1200 1077 1
1200 20 1
1200 4 1
1200 594 1
120 17 1
1201 959 1
1202 1077 1
1202 4 1
120 3 1
1203 1149 1
1203 1150 1
1203 1155 1
1203 1156 1
1203 1157 1
1203 1158 1
1203 1159 1
1203 1160 1
1203 1161 1
1203 1162 1
1203 1204 1
1203 1205 1
1203 15 1
1203 20 1
1203 510 1
120 4 1
1204 20 1
120 49 1
120 5 1
1205 20 1
120 6 1
1206 638 1
1207 1143 1
1207 1144 1
1207 1168 1
1207 1190 1
1207 1208 1
1207 1209 1
1207 1210 1
1207 1211 1
1207 1212 1
1207 1213 1
1207 1214 1
1207 1215 1
1207 1216 1
1207 1217 1
1207 828 1
1207 959 1
1 2 1
1210 1227 1
1210 15 1
121 102 1
121 12 1
121 122 1
121 15 1
121 17 1
121 18 1
121 3 1
121 38 1
121 4 1
1214 1139 1
1214 1184 1
1214 1234 1
1214 1236 1
1214 1238 1
1214 1241 1
1214 1242 1
1214 38 1
1214 549 1
121 5 1
1215 1139 1
1215 1184 1
1215 1234 1
1215 1236 1
1215 1238 1
1215 1241 1
1215 1242 1
1215 549 1
121 6 1
1216 1184 1
1216 1236 1
1216 1238 1
1216 1242 1
1216 38 1
121 67 1
121 7 1
121 9 1
1220 15 1
1221 1222 1
1221 1223 1
1221 15 1
1224 1126 1
1224 15 1
1225 1096 1
1225 1097 1
1225 1226 1
1225 4 1
1225 959 1
1229 1077 1
1229 20 1
1230 15 1
1230 377 1
1230 38 1
1231 15 1
1231 28 1
123 15 1
123 2 1
1232 15 1
123 28 1
123 29 1
123 30 1
123 3 1
1233 1044 1
1233 1057 1
1233 20 1
1233 220 1
1233 4 1
1234 1077 1
1234 113 1
1234 1235 1
1234 1236 1
1234 15 1
1234 539 1
1234 549 1
1236 1139 1
1236 1234 1
1236 1257 1
1236 20 1
1237 13 1
1237 151 1
1238 102 1
1238 1139 1
1238 1239 1
1238 15 1
1238 20 1
1238 40 1
1240 20 1
1240 28 1
1240 38 1
1240 747 1
124 102 1
124 11 1
124 125 1
124 126 1
124 127 1
124 128 1
124 15 1
124 16 1
124 17 1
124 21 1
1242 1261 1
1242 38 1
124 28 1
124 3 1
1243 1184 1
1243 1186 1
1243 1236 1
1243 1241 1
1243 1244 1
1243 1245 1
124 38 1
1243 966 1
124 4 1
1244 15 1
124 49 1
124 5 1
1245 15 1
124 6 1
1246 1118 1
1246 1139 1
1246 1234 1
1246 1236 1
1246 1239 1
1246 1247 1
1246 1248 1
1246 1249 1
1246 20 1
1246 40 1
1246 539 1
1246 649 1
124 67 1
124 69 1
124 7 1
124 9 1
1250 38 1
1251 1236 1
1251 1241 1
1251 165 1
1251 38 1
1251 966 1
1252 1139 1
1252 20 1
1253 20 1
1253 966 1
1254 20 1
1254 966 1
1255 1196 1
1255 1228 1
1255 1256 1
1255 38 1
1255 747 1
1258 1228 1
1258 1256 1
1258 1259 1
1258 747 1
1260 1077 1
1260 15 1
1260 20 1
1260 40 1
1262 1139 1
1263 1046 1
1263 1139 1
1263 1191 1
1263 1234 1
1263 1246 1
1263 1252 1
1263 20 1
1263 4 1
1264 1255 1
1264 20 1
1264 38 1
1265 15 1
1266 1255 1
1266 1256 1
1266 20 1
1266 747 1
1267 15 1
1268 20 1
1269 1193 1
1269 1241 1
1269 1270 1
1269 20 1
1269 4 1
1269 966 1
1271 165 1
1272 1255 1
1272 1256 1
1272 20 1
1273 1029 1
1273 1255 1
1273 20 1
1275 1255 1
1275 1256 1
1275 20 1
1279 15 1
1279 599 1
1280 1077 1
1280 15 1
1280 20 1
1281 1077 1
1281 1257 1
1281 15 1
1281 20 1
1281 40 1
1281 539 1
1282 1143 1
1282 959 1
1283 1284 1
1283 1285 1
1283 20 1
1283 4 1
1283 649 1
1286 1287 1
1288 1040 1
1288 1046 1
1288 1245 1
1288 1284 1
1288 1285 1
1288 1289 1
1288 1290 1
1288 1291 1
1288 1292 1
1288 1293 1
1288 20 1
1288 40 1
1288 4 1
1288 649 1
1288 9 1
1288 959 1
1291 15 1
129 15 1
129 20 1
1292 15 1
1294 1029 1
1294 1040 1
1294 1096 1
1294 1184 1
1294 1186 1
1294 1284 1
1294 1285 1
1294 1295 1
1294 1296 1
1294 1297 1
1294 1298 1
1294 142 1
1294 20 1
1294 40 1
1294 649 1
1294 747 1
1296 15 1
1298 1139 1
1298 1285 1
1298 20 1
1298 40 1
1299 1284 1
1299 1285 1
1299 1289 1
1299 20 1
1299 40 1
1299 649 1
129 98 1
1300 1285 1
1300 20 1
1300 649 1
1301 1029 1
1301 1040 1
1301 1044 1
1301 1284 1
1301 1285 1
1301 142 1
1301 20 1
130 20 1
1302 1096 1
1302 1193 1
1302 1195 1
1302 1209 1
1302 1276 1
1302 1287 1
1302 1289 1
1302 1303 1
1304 1096 1
1304 1193 1
1304 1195 1
1304 1209 1
1304 1276 1
1304 1289 1
1304 1303 1
1304 1305 1
1304 20 1
1306 1307 1
1308 1307 1
1309 1285 1
1309 1310 1
1309 15 1
1309 20 1
1309 40 1
1 3 1
1310 15 1
1311 1267 1
1311 1284 1
1311 1285 1
1311 1312 1
1311 20 1
131 132 1
131 133 1
1311 40 1
1311 638 1
1312 15 1
1313 1285 1
1313 15 1
1313 20 1
1313 40 1
1313 649 1
1314 1284 1
1314 1285 1
1314 1315 1
1314 1316 1
1314 20 1
1314 40 1
1315 15 1
1317 1287 1
1318 1234 1
1318 1285 1
1318 1319 1
1318 20 1
1318 40 1
1318 549 1
1320 1285 1
1320 20 1
132 102 1
1321 1285 1
1321 1295 1
1321 20 1
132 15 1
132 1588 1
132 20 1
1322 1285 1
132 2170 1
1322 20 1
1323 1285 1
1323 1295 1
1323 15 1
1323 20 1
1323 40 1
1324 1139 1
1324 1285 1
1324 20 1
1324 40 1
1325 1284 1
1325 1285 1
1325 1326 1
1325 1327 1
1325 15 1
1325 20 1
1325 40 1
1325 649 1
1325 989 1
1326 15 1
1327 15 1
1328 1285 1
1328 20 1
1329 1285 1
1329 20 1
1330 1027 1
1330 1034 1
1330 1239 1
1330 1284 1
1330 1285 1
1330 1295 1
1330 1331 1
1330 1332 1
1330 20 1
1330 38 1
1330 40 1
133 15 1
133 1545 1
133 1586 1
133 1588 1
1332 15 1
133 2168 1
1333 1285 1
1333 15 1
1333 20 1
1333 40 1
1334 1285 1
1334 20 1
1334 40 1
1335 1307 1
133 593 1
1336 1015 1
1336 1027 1
1336 1064 1
1336 1068 1
1336 1209 1
1336 1257 1
1336 1287 1
1336 1331 1
1336 1337 1
1336 1338 1
1336 1339 1
1336 1340 1
1336 1341 1
1336 1342 1
1336 1343 1
1336 1344 1
1336 1345 1
1336 638 1
1336 989 1
133 784 1
134 3 1
134 4 1
134 5 1
1346 1015 1
1346 1027 1
1346 1064 1
1346 1068 1
1346 1209 1
1346 1257 1
1346 1305 1
1346 1331 1
1346 1337 1
1346 1338 1
1346 1339 1
1346 1340 1
1346 1341 1
1346 1342 1
1346 1343 1
1346 1344 1
1346 1345 1
1346 20 1
1346 638 1
1346 989 1
1347 1307 1
1348 1029 1
1348 1139 1
1348 1241 1
1348 1245 1
1348 1284 1
1348 1285 1
1348 1295 1
1348 1349 1
1348 20 1
1348 38 1
1348 40 1
1348 649 1
1350 1139 1
1350 1285 1
1350 20 1
1350 40 1
1350 649 1
1351 1068 1
1351 1096 1
1351 1139 1
1351 1244 1
1351 1284 1
1351 1285 1
1351 1295 1
1351 1352 1
1351 15 1
1351 20 1
1351 377 1
1351 40 1
1351 649 1
1351 747 1
1351 9 1
135 21 1
135 3 1
1353 1287 1
135 4 1
1354 102 1
1354 1030 1
1354 1051 1
1354 1123 1
1354 1307 1
1354 1355 1
1354 1356 1
1354 1357 1
1354 177 1
1354 40 1
1354 593 1
1354 959 1
135 5 1
135 6 1
1358 1139 1
1358 1285 1
1358 1295 1
1358 15 1
1358 20 1
1358 38 1
1358 40 1
1358 649 1
135 9 1
1359 1307 1
1360 1209 1
1360 1305 1
1360 1361 1
1360 1362 1
1360 20 1
1360 959 1
136 137 1
136 15 1
136 24 1
136 3 1
1363 1209 1
1363 1287 1
1363 1361 1
1363 1362 1
1363 959 1
1364 1307 1
1365 1287 1
1366 1044 1
1366 1284 1
1366 1285 1
1366 1367 1
1366 20 1
1366 40 1
1366 731 1
1367 15 1
1368 1040 1
1368 1044 1
1368 1270 1
1368 1284 1
1368 1285 1
1368 20 1
1368 40 1
1368 731 1
1369 1285 1
1369 20 1
1370 1284 1
1370 1285 1
1370 1290 1
1370 1371 1
1370 1372 1
1370 20 1
1373 1285 1
1373 20 1
1374 1029 1
1374 1040 1
1374 1284 1
1374 1285 1
1374 1290 1
1374 20 1
1374 40 1
1374 731 1
1375 1040 1
1375 1044 1
1375 1046 1
1375 1139 1
1375 1284 1
1375 1285 1
1375 1376 1
1375 15 1
1375 20 1
1375 40 1
1375 4 1
1375 649 1
1376 15 1
1377 1307 1
1378 1209 1
1378 1305 1
1378 1379 1
1378 1380 1
1378 1381 1
1378 1382 1
1378 1383 1
1378 20 1
1378 966 1
138 15 1
138 16 1
138 20 1
138 3 1
138 4 1
1384 1307 1
138 5 1
1385 1209 1
1385 1287 1
1385 1379 1
1385 1380 1
1385 1381 1
1385 1382 1
1385 1383 1
1385 966 1
1386 15 1
1387 15 1
1388 15 1
138 9 1
1389 15 1
1390 15 1
139 11 1
1391 15 1
139 140 1
139 15 1
1392 15 1
139 24 1
139 3 1
1393 15 1
1394 15 1
139 5 1
1395 15 1
139 60 1
1396 1044 1
1396 1139 1
1396 1284 1
1396 1285 1
1396 20 1
1396 40 1
1396 649 1
1397 1284 1
1397 1285 1
1397 1394 1
1397 20 1
1397 40 1
1397 989 1
1398 1285 1
1398 20 1
1398 40 1
1398 649 1
139 9 1
1399 1077 1
1399 1139 1
1399 1285 1
1399 15 1
1399 20 1
1399 40 1
1400 1077 1
1400 1285 1
1400 1389 1
1400 1395 1
1400 20 1
1400 40 1
1400 549 1
1401 1139 1
1401 1256 1
1401 1285 1
1401 20 1
1401 40 1
1401 747 1
1402 1285 1
1402 15 1
1402 20 1
1402 40 1
1403 1044 1
1403 1057 1
1403 1284 1
1403 1285 1
1403 15 1
1403 20 1
1403 40 1
1404 1285 1
1404 20 1
1404 40 1
1404 649 1
1405 1285 1
1405 15 1
1405 20 1
1405 40 1
1406 1285 1
1406 15 1
1406 20 1
1406 40 1
1406 649 1
1407 1285 1
1407 15 1
1407 20 1
1407 40 1
1408 1139 1
1408 1184 1
1408 1196 1
1408 1285 1
1408 142 1
1408 20 1
1408 40 1
1409 1239 1
1409 1284 1
1409 1285 1
1409 1390 1
1409 20 1
1409 40 1
1 4 1
1410 1041 1
1410 1044 1
1410 1284 1
1410 1285 1
1410 20 1
1410 40 1
1410 649 1
141 102 1
1411 1139 1
1411 1285 1
1411 1412 1
1411 20 1
1411 40 1
141 142 1
141 143 1
141 144 1
141 145 1
141 146 1
141 15 1
141 20 1
1412 15 1
141 28 1
1413 1285 1
1413 1387 1
1413 20 1
1413 40 1
141 38 1
1414 1285 1
1414 1295 1
1414 20 1
14 15 1
1415 1139 1
1415 1196 1
1415 1285 1
1415 20 1
1415 40 1
14 16 1
1416 1285 1
1416 15 1
1416 20 1
1416 40 1
14 17 1
1417 1287 1
1417 1418 1
1417 15 1
1417 20 1
14 18 1
1419 1143 1
1419 1284 1
1419 1285 1
1419 1420 1
1419 20 1
1419 40 1
1421 1077 1
1421 1139 1
1421 1285 1
1421 15 1
1421 20 1
1421 40 1
1421 649 1
1422 1285 1
1422 15 1
1422 20 1
1422 40 1
1422 649 1
1423 1285 1
1423 15 1
1423 20 1
1423 40 1
1424 1034 1
1424 1284 1
1424 1285 1
1424 1391 1
1424 20 1
1424 40 1
1424 649 1
1425 1029 1
1425 1285 1
1425 1295 1
1425 15 1
1425 20 1
1425 38 1
1425 40 1
1426 1077 1
1426 1285 1
1426 15 1
1426 20 1
1426 40 1
1426 539 1
1426 549 1
1427 1285 1
1427 15 1
1427 20 1
1427 40 1
1427 649 1
1428 1139 1
1428 1274 1
1428 1284 1
1428 1285 1
1428 1429 1
1428 15 1
1428 20 1
1428 40 1
1430 1044 1
1430 1057 1
1430 1284 1
1430 1285 1
1430 142 1
1430 20 1
1430 209 1
14 3 1
1431 1285 1
1431 1432 1
1431 20 1
1431 40 1
143 151 1
143 156 1
143 20 1
143 207 1
1432 15 1
143 227 1
143 245 1
143 28 1
143 307 1
1433 1139 1
1433 1285 1
1433 142 1
143 315 1
1433 20 1
143 340 1
1433 40 1
143 363 1
143 364 1
143 365 1
143 366 1
143 38 1
1434 1285 1
1434 1295 1
1434 15 1
1434 20 1
1434 40 1
1435 1307 1
1436 1307 1
1437 1029 1
1437 1034 1
1437 1040 1
1437 1043 1
1437 1044 1
1437 1057 1
1437 1184 1
1437 1196 1
1437 1209 1
1437 1239 1
1437 1270 1
1437 1274 1
1437 1287 1
1437 1297 1
1437 1316 1
1437 1420 1
1437 142 1
1437 1438 1
1437 1439 1
1437 1440 1
1437 1441 1
1437 1442 1
1437 1443 1
1437 1444 1
1437 1445 1
1437 1446 1
1437 1447 1
1437 1448 1
1437 209 1
143 78 1
1437 9 1
1437 990 1
1449 1029 1
1449 1034 1
1449 1040 1
1449 1043 1
1449 1044 1
1449 1057 1
1449 1184 1
1449 1196 1
1449 1209 1
1449 1239 1
1449 1270 1
1449 1274 1
1449 1297 1
1449 1305 1
1449 1316 1
1449 1420 1
1449 142 1
1449 1438 1
1449 1439 1
1449 1440 1
1449 1441 1
1449 1443 1
1449 1444 1
1449 1445 1
1449 1446 1
1449 1447 1
1449 1448 1
1449 20 1
1449 209 1
1449 9 1
1449 990 1
1450 1046 1
1450 15 1
1451 15 1
145 142 1
145 143 1
1452 1046 1
1452 1226 1
1452 1257 1
1452 1284 1
1452 1285 1
1452 1295 1
1452 1453 1
1452 15 1
1452 20 1
1452 40 1
1452 4 1
1452 990 1
1454 1029 1
1454 1032 1
1454 1040 1
1454 1139 1
1454 1239 1
1454 1284 1
1454 1285 1
1454 1290 1
1454 1295 1
1454 1455 1
1454 20 1
1454 40 1
1454 4 1
1456 1008 1
1456 1032 1
1456 1040 1
1456 1046 1
1456 1139 1
1456 1239 1
1456 1245 1
1456 1284 1
1456 1285 1
1456 1295 1
1456 1438 1
1456 1455 1
1456 20 1
1456 38 1
1456 40 1
1456 4 1
1457 1031 1
1457 1040 1
1457 1284 1
1457 1285 1
1457 20 1
1457 40 1
1458 1139 1
1458 1284 1
1458 1285 1
1458 1388 1
1458 20 1
1458 40 1
1458 649 1
1458 989 1
1459 1287 1
1460 1029 1
1460 1040 1
1460 1044 1
1460 1284 1
1460 1285 1
1460 142 1
1460 20 1
1460 40 1
1460 9 1
1461 1029 1
1461 1040 1
1461 1186 1
1461 1239 1
1461 1284 1
1461 1285 1
1461 1290 1
1461 20 1
1461 40 1
1461 4 1
146 15 1
1461 989 1
1462 1040 1
1462 1186 1
1462 1239 1
1462 1241 1
1462 1284 1
1462 1285 1
1462 20 1
1462 40 1
1462 4 1
1462 989 1
1463 1040 1
1463 1186 1
1463 1284 1
1463 1285 1
1463 20 1
1463 40 1
1463 4 1
1464 1139 1
1464 1285 1
1464 20 1
1464 40 1
1465 1285 1
1465 1295 1
1465 20 1
1466 1040 1
1466 1139 1
1466 1284 1
1466 1285 1
1466 1386 1
1466 20 1
1466 40 1
1466 649 1
1467 1257 1
1467 1285 1
1467 15 1
1467 20 1
1467 40 1
1468 1032 1
1468 1209 1
1468 1241 1
1468 1277 1
1468 1278 1
1468 1287 1
1468 1356 1
1468 1455 1
1468 4 1
1468 966 1
1469 1307 1
1470 1032 1
1470 1209 1
1470 1241 1
1470 1277 1
1470 1278 1
1470 1305 1
1470 1356 1
1470 1455 1
1470 20 1
1470 4 1
1470 966 1
14 7 1
1471 1307 1
147 142 1
147 151 1
147 20 1
1472 1077 1
1472 1473 1
1472 15 1
1474 15 1
1474 209 1
1475 3 1
1475 966 1
1476 15 1
1476 209 1
1480 15 1
1480 731 1
1480 747 1
1481 1003 1
1481 1482 1
1481 747 1
1481 958 1
1483 15 1
1483 165 1
1483 747 1
1483 959 1
1484 102 1
1484 13 1
1484 15 1
1484 209 1
1484 2 1
1484 3 1
1484 594 1
1485 13 1
1485 151 1
1485 589 1
1485 590 1
1486 1008 1
1486 102 1
1486 1057 1
1486 1118 1
1486 1220 1
1486 1361 1
1486 1487 1
1486 15 1
1486 28 1
1486 3 1
1486 38 1
1486 539 1
1486 6 1
1486 959 1
1488 15 1
1488 729 1
1489 15 1
1490 1491 1
1490 177 1
1490 747 1
14 9 1
149 144 1
149 150 1
149 151 1
1492 1051 1
1492 1493 1
1494 1123 1
1494 1495 1
1494 209 1
1496 111 1
1497 111 1
1498 1499 1
1500 1171 1
1500 1448 1
1500 148 1
1500 1499 1
1500 1501 1
1500 1502 1
1500 15 1
1500 175 1
1500 20 1
1500 38 1
1500 40 1
1500 510 1
1500 638 1
1501 15 1
1501 40 1
1503 165 1
1503 649 1
1503 747 1
1504 1077 1
1504 15 1
1505 1506 1
1505 15 1
1505 40 1
1507 1191 1
1507 1502 1
1507 15 1
1507 222 1
1507 38 1
1507 4 1
1508 1509 1
1508 165 1
1508 40 1
1 5 1
1510 1040 1
1510 1150 1
1510 1151 1
1510 1152 1
1510 1155 1
1510 1156 1
1510 1157 1
1510 1158 1
1510 1159 1
1510 1160 1
1510 1161 1
1510 1162 1
1510 1177 1
1510 1196 1
1510 1204 1
1510 1205 1
1510 15 1
1510 1511 1
1510 1512 1
1510 1513 1
1510 1514 1
1510 1515 1
1510 165 1
1510 20 1
1510 38 1
1510 590 1
1510 828 1
1516 20 1
1516 28 1
1516 32 1
1516 38 1
1516 60 1
1516 966 1
1517 1151 1
1517 1152 1
1517 1514 1
1517 220 1
1518 1177 1
1518 222 1
1519 102 1
1519 1044 1
1519 1057 1
1519 1502 1
1519 174 1
1519 175 1
1519 20 1
1519 4 1
1519 594 1
1520 15 1
1520 1521 1
1520 17 1
1520 2 1
1520 21 1
1520 3 1
1520 40 1
1520 4 1
1520 5 1
1520 599 1
1520 6 1
1520 7 1
1520 9 1
1520 995 1
1520 999 1
1521 137 1
1521 174 1
1521 175 1
1521 24 1
1521 3 1
1521 4 1
152 15 1
1521 5 1
1521 6 1
1522 1023 1
1522 15 1
1522 24 1
1522 3 1
1522 6 1
1522 7 1
1522 747 1
1523 1023 1
1523 3 1
1523 7 1
1524 1024 1
1524 1077 1
1524 15 1
1524 3 1
1524 828 1
1524 956 1
1525 137 1
1525 151 1
1525 3 1
1526 1005 1
1526 1024 1
1526 1077 1
1526 3 1
1526 747 1
1527 1024 1
1527 1077 1
1527 15 1
1527 3 1
1527 38 1
1527 4 1
1528 1005 1
1528 15 1
1528 1529 1
1528 165 1
1528 747 1
1528 828 1
1530 102 1
1530 13 1
1530 15 1
1530 209 1
1530 2 1
1530 3 1
1530 594 1
1531 15 1
153 144 1
153 150 1
153 151 1
1531 729 1
1532 15 1
1533 1077 1
1533 1248 1
1533 15 1
1533 1534 1
1533 1535 1
1536 1077 1
1536 113 1
1536 15 1
1536 539 1
1537 1538 1
1537 1539 1
1540 102 1
1540 15 1
1540 1539 1
1540 20 1
1540 377 1
1540 38 1
1540 649 1
1541 15 1
1541 1539 1
1541 20 1
1541 377 1
154 150 1
154 151 1
154 155 1
154 156 1
1542 15 1
1542 1539 1
1542 20 1
1542 377 1
1543 1539 1
1543 38 1
1544 102 1
1544 1129 1
1544 15 1
1544 1539 1
1544 1545 1
1544 20 1
1546 1539 1
1546 20 1
1547 1047 1
154 71 1
1547 113 1
1547 1139 1
1547 1319 1
1547 1539 1
1547 1548 1
1547 20 1
1548 15 1
1548 1601 1
1548 20 1
1548 599 1
1549 15 1
1550 106 1
1550 1223 1
1550 15 1
1550 1551 1
1550 1552 1
1550 1553 1
1550 1554 1
1550 1555 1
1550 594 1
1556 15 1
1557 15 1
1557 1558 1
1559 835 1
1560 15 1
1561 15 1
1561 1562 1
1561 38 1
1561 47 1
1561 594 1
1563 15 1
1563 1550 1
1563 1564 1
1563 594 1
1565 510 1
1566 110 1
1566 15 1
1566 38 1
1566 47 1
1567 15 1
1567 1568 1
1567 40 1
1569 15 1
1570 1168 1
1570 15 1
1570 38 1
1570 510 1
1571 15 1
1571 1572 1
1571 187 1
157 151 1
157 158 1
157 159 1
1573 15 1
1573 1574 1
1573 38 1
1573 40 1
1573 510 1
1575 106 1
1575 110 1
1575 15 1
1576 15 1
1577 1487 1
1577 15 1
1577 1578 1
1579 1047 1
1579 1077 1
1579 113 1
1579 1139 1
1579 15 1
1579 1534 1
1579 20 1
1579 377 1
1579 53 1
1579 649 1
1580 15 1
1581 102 1
1581 1047 1
1581 1051 1
1581 1119 1
1581 1123 1
1581 1124 1
1581 113 1
1581 1139 1
1581 1429 1
1581 15 1
1581 1534 1
1581 1582 1
1581 1583 1
1581 1584 1
1581 1585 1
1581 20 1
1581 28 1
1581 38 1
1581 593 1
1581 649 1
1581 784 1
1586 15 1
1586 1587 1
1586 1588 1
1589 1050 1
1589 1123 1
1589 15 1
1589 1590 1
1589 1591 1
1589 1592 1
1589 1593 1
1589 47 1
1594 102 1
1594 15 1
1594 1595 1
1594 38 1
1594 47 1
1596 1595 1
1597 1595 1
1598 110 1
1598 15 1
1598 1595 1
1598 38 1
1598 47 1
1598 539 1
1599 15 1
1599 1600 1
1599 20 1
1599 599 1
1599 988 1
160 102 1
1601 1077 1
1601 15 1
160 144 1
160 148 1
160 20 1
1602 729 1
1603 102 1
1603 1077 1
1603 15 1
1603 1604 1
1605 1606 1
1605 1607 1
1605 1608 1
1609 15 1
1609 1610 1
1 6 1
161 102 1
1611 15 1
1611 38 1
161 144 1
161 151 1
1612 15 1
1612 1613 1
1612 1614 1
1612 1615 1
1612 1616 1
1612 209 1
1612 2 1
1612 24 1
1612 38 1
1612 594 1
1612 71 1
161 38 1
1617 15 1
1617 38 1
1617 731 1
1618 177 1
1618 593 1
1619 15 1
1619 38 1
1619 731 1
1620 1491 1
1620 15 1
1620 539 1
1621 15 1
162 144 1
162 148 1
162 151 1
162 20 1
1622 15 1
1622 1623 1
1624 15 1
1624 46 1
1624 599 1
1624 729 1
1625 106 1
1625 15 1
1625 594 1
1625 731 1
1625 747 1
1626 15 1
1626 1613 1
1626 853 1
1627 15 1
1627 1628 1
1627 652 1
1627 835 1
1629 106 1
1629 15 1
1629 1630 1
1629 1631 1
1629 1632 1
1629 20 1
163 20 1
1633 15 1
1633 1634 1
1633 1635 1
1633 1636 1
1633 20 1
1637 15 1
1637 1638 1
1637 1639 1
1637 20 1
1638 1077 1
1640 593 1
1641 1030 1
1641 1635 1
1641 38 1
164 142 1
164 165 1
1642 20 1
1643 15 1
1644 102 1
1644 106 1
1644 15 1
1644 1645 1
1644 748 1
1646 748 1
1647 106 1
1647 15 1
1648 15 1
1649 1650 1
1649 1651 1
1652 1307 1
1652 15 1
1652 1584 1
1652 1587 1
1652 1653 1
1652 1654 1
1652 1655 1
1652 1656 1
1652 20 1
1652 38 1
1652 47 1
1652 539 1
1657 113 1
1657 1227 1
1657 15 1
1657 1534 1
1657 1583 1
1657 1584 1
1657 1631 1
1657 1634 1
1657 1658 1
1657 1659 1
1657 1660 1
1657 1661 1
1657 20 1
166 12 1
166 126 1
166 13 1
166 15 1
166 167 1
166 168 1
166 169 1
166 170 1
166 171 1
166 172 1
166 173 1
166 174 1
166 175 1
166 2 1
1662 20 1
1662 28 1
166 28 1
166 3 1
1663 20 1
1664 113 1
1664 1227 1
1664 15 1
1664 1534 1
1664 1583 1
1664 1584 1
1664 1631 1
1664 1634 1
1664 1635 1
1664 1636 1
1664 1658 1
1664 1660 1
1664 1661 1
1664 20 1
1664 38 1
1665 102 1
1665 115 1
1665 116 1
1665 15 1
1665 165 1
1665 1666 1
1665 17 1
1665 18 1
1665 20 1
1665 2 1
1665 28 1
1665 3 1
1665 38 1
1665 4 1
1665 42 1
1665 47 1
1665 5 1
1665 56 1
1665 6 1
1665 67 1
1665 68 1
1665 69 1
1665 70 1
1665 7 1
166 7 1
1667 16 1
1667 2 1
1667 3 1
1667 4 1
1667 6 1
1667 9 1
1668 102 1
1668 15 1
1668 1653 1
1668 1669 1
1668 1670 1
1668 1671 1
1668 1672 1
1668 1673 1
1668 38 1
1668 40 1
1668 731 1
1668 828 1
166 9 1
1669 15 1
1669 2314 1
1669 2316 1
1672 15 1
1674 109 1
1674 110 1
1674 12 1
1674 1227 1
1674 15 1
1674 165 1
1674 1668 1
1674 1675 1
1674 1676 1
1674 1677 1
1674 1678 1
1674 1679 1
1674 1680 1
1674 1681 1
1674 17 1
1674 178 1
1674 20 1
1674 21 1
1674 29 1
1674 30 1
1674 3 1
1674 310 1
1674 311 1
1674 312 1
1674 32 1
1674 33 1
1674 34 1
1674 35 1
1674 36 1
1674 37 1
1674 38 1
1674 40 1
1674 4 1
1674 49 1
1674 5 1
1674 60 1
1674 6 1
1674 633 1
1674 7 1
1674 9 1
1679 15 1
1679 2314 1
1679 2316 1
1682 15 1
1682 37 1
1683 15 1
1684 15 1
1684 1679 1
1684 1685 1
1684 1686 1
1684 1687 1
1684 38 1
1684 559 1
1688 15 1
1688 377 1
1688 40 1
1689 102 1
1689 1030 1
1689 1051 1
1689 1119 1
1689 15 1
1689 1666 1
1689 209 1
1689 29 1
1689 30 1
1689 38 1
1689 77 1
1689 78 1
1689 784 1
1690 110 1
1690 111 1
1690 1307 1
1690 47 1
1691 102 1
1691 1127 1
1691 15 1
1691 1592 1
1691 165 1
1691 28 1
1691 377 1
1691 38 1
1691 47 1
1691 594 1
1692 38 1
1693 15 1
1693 38 1
1694 38 1
1695 15 1
1696 106 1
1696 15 1
1696 1697 1
1696 20 1
1696 38 1
1698 15 1
1698 1697 1
1698 38 1
1699 1700 1
1699 40 1
1701 106 1
1701 15 1
1702 15 1
1702 729 1
1703 15 1
1703 165 1
1704 1139 1
1704 1705 1
1704 20 1
1704 649 1
1705 15 1
1705 1841 1
1705 1842 1
1705 20 1
1705 40 1
1706 15 1
1706 38 1
1707 102 1
1707 15 1
1707 649 1
1708 15 1
1708 377 1
1709 15 1
1709 1630 1
1709 377 1
1 7 1
1710 15 1
1710 1654 1
1710 1711 1
1710 1712 1
1710 599 1
1713 15 1
1714 113 1
1714 1139 1
1714 15 1
1714 1534 1
1714 1583 1
1714 1584 1
1714 165 1
1714 1659 1
1714 1660 1
1714 1715 1
1714 1716 1
1714 1717 1
1714 1718 1
1714 20 1
1714 28 1
1714 377 1
1714 38 1
1714 649 1
1714 748 1
1715 102 1
1715 1123 1
1715 15 1
1715 1582 1
1715 1585 1
1715 28 1
1715 38 1
1715 593 1
1715 649 1
1718 15 1
1718 1599 1
1718 20 1
1718 599 1
1719 15 1
1720 377 1
1721 15 1
1722 15 1
1722 1645 1
1722 165 1
1722 1723 1
1724 15 1
1724 1539 1
1724 784 1
1725 15 1
1725 1539 1
1726 1539 1
1726 1727 1
1726 1728 1
1726 1729 1
1730 1731 1
1732 1733 1
1732 1734 1
1733 15 1
1733 1726 1
1733 1727 1
1733 1734 1
1733 1739 1
1733 1746 1
1733 1751 1
1733 1758 1
1733 1759 1
1733 1787 1
1735 1047 1
1735 15 1
1735 20 1
1735 40 1
1736 15 1
1736 20 1
1737 1738 1
1737 20 1
1739 1728 1
1739 1729 1
1739 1740 1
1739 1741 1
1742 15 1
1742 1733 1
1743 1539 1
1743 1744 1
1743 1745 1
1746 15 1
1746 1733 1
1746 1747 1
1746 20 1
1746 649 1
1747 1731 1
1748 15 1
1748 1749 1
1749 1743 1
1749 1744 1
1749 1755 1
1749 1779 1
1750 15 1
1750 1539 1
1750 649 1
1750 748 1
1751 15 1
1751 1539 1
1751 1733 1
1751 20 1
1751 649 1
1752 1538 1
1752 1539 1
1752 20 1
1753 20 1
1754 20 1
1755 1745 1
1755 1756 1
1757 15 1
1757 1539 1
1757 20 1
1757 784 1
1758 102 1
1758 15 1
1758 1539 1
1758 1733 1
1758 20 1
1759 1539 1
1760 102 1
1760 15 1
1760 1538 1
1760 1539 1
1760 1718 1
1760 1761 1
1760 1762 1
1760 1763 1
1760 784 1
176 15 1
176 177 1
176 178 1
176 179 1
176 180 1
176 181 1
176 20 1
176 40 1
1764 1539 1
1764 1732 1
1764 1761 1
1764 1763 1
1764 38 1
176 46 1
1764 784 1
1765 1715 1
1765 1766 1
1765 38 1
1766 15 1
1766 377 1
1767 1705 1
1767 20 1
1768 1731 1
1768 1734 1
1768 1769 1
1768 38 1
1770 102 1
1770 15 1
1770 1585 1
1770 1593 1
1770 20 1
1771 15 1
1771 1772 1
1772 15 1
1773 102 1
1773 1050 1
1773 1582 1
1773 1715 1
1773 1747 1
1774 1050 1
1774 1123 1
1774 1593 1
1775 1718 1
1775 1769 1
1776 38 1
1777 102 1
1777 15 1
1778 15 1
1778 1766 1
1778 377 1
1778 38 1
1780 1539 1
1780 1718 1
1780 1761 1
1781 20 1
1781 40 1
1782 1718 1
1782 1734 1
1782 28 1
1783 102 1
1783 15 1
1784 1718 1
1784 1769 1
1784 649 1
1785 15 1
1785 1786 1
1785 20 1
1786 15 1
1786 20 1
1788 15 1
1788 1779 1
1789 102 1
1789 1129 1
1789 15 1
1789 1718 1
1789 1724 1
1789 1727 1
1789 1744 1
1789 1771 1
1789 1772 1
1789 1790 1
1789 1791 1
1789 1792 1
1789 784 1
1793 15 1
1793 38 1
1794 15 1
1795 1769 1
1796 15 1
1797 38 1
1798 102 1
1798 15 1
1798 784 1
1799 15 1
1800 15 1
1800 20 1
1801 15 1
1802 15 1
1802 1803 1
1804 15 1
1805 15 1
1806 102 1
1806 15 1
1806 784 1
1807 15 1
1808 1769 1
1808 1809 1
1808 38 1
1810 15 1
1810 1769 1
1811 15 1
1812 15 1
1812 1809 1
1812 1813 1
1812 1814 1
1812 1815 1
1812 1816 1
1812 1817 1
1812 38 1
1818 15 1
1818 1539 1
1818 1789 1
1818 47 1
1819 102 1
1819 1077 1
1820 15 1
1821 15 1
182 150 1
182 151 1
182 183 1
1822 15 1
1822 20 1
1822 28 1
1823 1795 1
1823 20 1
1823 28 1
1823 38 1
1824 15 1
1824 1825 1
1824 490 1
1826 1825 1
1826 1827 1
1828 15 1
1829 15 1
1829 1708 1
1829 38 1
1829 490 1
1830 102 1
1830 106 1
1830 15 1
1830 748 1
1830 784 1
1831 102 1
1832 15 1
1832 20 1
1832 47 1
1833 15 1
1833 1769 1
1833 1813 1
1833 20 1
1833 28 1
1833 490 1
1833 784 1
1834 1835 1
1834 28 1
1834 38 1
1836 1030 1
1836 1047 1
1836 1051 1
1836 1123 1
1836 113 1
1836 1139 1
1836 1534 1
1836 1582 1
1836 1583 1
1836 1584 1
1836 1585 1
1836 1705 1
1836 1731 1
1836 1734 1
1836 20 1
1836 377 1
1836 593 1
1836 649 1
1837 1731 1
1837 20 1
1837 38 1
1837 86 1
1838 1827 1
1839 1840 1
184 144 1
1843 1844 1
1843 3 1
1843 4 1
1843 995 1
1845 15 1
1846 1227 1
1846 1506 1
1846 15 1
1846 593 1
1847 102 1
1847 15 1
1848 102 1
1848 15 1
1848 38 1
1849 15 1
1850 102 1
1850 15 1
1850 1568 1
1850 1851 1
1850 1852 1
185 13 1
185 143 1
185 183 1
185 186 1
185 187 1
185 188 1
1853 15 1
1853 747 1
185 4 1
1854 15 1
1855 1506 1
1855 15 1
1855 1850 1
1856 1307 1
1856 15 1
1856 1857 1
1856 1858 1
1856 1859 1
1856 38 1
1856 47 1
1860 15 1
1860 38 1
1861 15 1
1861 20 1
1861 38 1
1862 15 1
1863 15 1
186 389 1
1864 106 1
1865 106 1
1865 1307 1
1865 15 1
1865 47 1
1866 102 1
1866 1153 1
1866 1168 1
1866 15 1
1866 1593 1
1866 1867 1
1866 1868 1
1866 1869 1
1866 1870 1
1866 1871 1
1866 1872 1
1866 1873 1
1866 1874 1
1866 1875 1
1866 1876 1
1866 1877 1
1866 1878 1
1866 1879 1
1866 1880 1
1866 1881 1
1866 1882 1
1866 1883 1
1866 1884 1
1866 1885 1
1866 1886 1
1866 1887 1
1866 1888 1
1866 1889 1
1866 1890 1
1866 209 1
1866 28 1
1866 40 1
1866 47 1
1866 599 1
1866 608 1
1866 638 1
1867 1875 1
1867 1876 1
1867 1877 1
1867 1878 1
1867 1879 1
1867 1880 1
1867 1881 1
1867 1882 1
1867 1885 1
1867 1886 1
1867 1887 1
1867 1889 1
1867 20 1
1867 2119 1
1867 28 1
1883 15 1
1883 2253 1
1883 40 1
1883 593 1
1884 102 1
1884 1153 1
1884 15 1
1884 616 1
1891 15 1
1891 1870 1
1891 40 1
189 143 1
189 183 1
189 187 1
189 188 1
189 20 1
1892 15 1
1892 40 1
1893 111 1
1893 151 1
1893 178 1
1893 1868 1
1893 1871 1
1893 1894 1
1893 1895 1
1893 1896 1
1893 47 1
1897 15 1
1897 174 1
1897 1894 1
1897 1895 1
1897 1896 1
1897 1898 1
1897 1899 1
1897 1900 1
1897 38 1
1897 40 1
1901 1902 1
1901 1903 1
190 13 1
190 143 1
190 183 1
190 187 1
190 188 1
190 191 1
1902 15 1
1902 38 1
1904 1905 1
1904 1906 1
1905 15 1
1905 1945 1
1906 1914 1
1906 1969 1
1907 15 1
1907 20 1
1908 15 1
1908 1729 1
1908 1909 1
1909 15 1
1909 1728 1
1910 1911 1
1910 1912 1
1911 15 1
1911 636 1
1912 15 1
1912 1914 1
1912 1969 1
1912 1979 1
1913 1725 1
1913 1914 1
1914 102 1
1914 1051 1
1914 1077 1
1914 110 1
1914 1168 1
1914 133 1
1914 15 1
1914 1538 1
1914 1539 1
1914 1599 1
1914 1769 1
1914 1871 1
1914 1889 1
1914 1955 1
1914 20 1
1914 2090 1
1914 2274 1
1914 2286 1
1914 2287 1
1914 2288 1
1914 38 1
1914 47 1
1914 78 1
1914 784 1
19 15 1
1915 15 1
1915 1916 1
1915 28 1
1915 40 1
1917 1918 1
1917 1919 1
1918 15 1
1918 1946 1
1919 15 1
1919 1914 1
1919 1965 1
19 20 1
1920 1921 1
19 21 1
1921 1931 1
192 150 1
192 183 1
1922 1923 1
1923 1944 1
1924 1925 1
1924 1926 1
1925 15 1
1925 1935 1
1926 1914 1
1926 1971 1
1927 15 1
1928 1929 1
1928 1930 1
1929 15 1
1929 557 1
1931 2314 1
1931 2316 1
193 144 1
1932 15 1
1932 1933 1
1933 15 1
1933 2314 1
1933 2316 1
1933 2514 1
1933 2515 1
1933 2516 1
1934 15 1
1934 1669 1
1935 15 1
1935 2314 1
1935 2316 1
1935 638 1
1936 15 1
1936 487 1
1937 15 1
1937 1935 1
1937 1938 1
1937 338 1
1937 638 1
1937 653 1
1937 809 1
1938 15 1
1938 2314 1
1938 2316 1
1938 638 1
1939 15 1
1939 254 1
1940 799 1
1941 15 1
1941 1840 1
194 144 1
1941 616 1
1942 804 1
1943 15 1
1943 1938 1
1943 638 1
1944 2314 1
1944 2316 1
1945 15 1
1945 2314 1
1945 2316 1
1946 15 1
1946 2314 1
1946 2316 1
1946 2589 1
1947 15 1
1947 338 1
1947 559 1
1948 15 1
1948 638 1
1948 809 1
1949 15 1
1949 247 1
1950 15 1
1950 559 1
19 5 1
1951 15 1
1951 20 1
195 144 1
1951 77 1
1951 78 1
1952 1953 1
1952 209 1
1953 15 1
1953 1914 1
1953 1977 1
1954 1077 1
1954 15 1
1954 1914 1
1954 1955 1
1954 20 1
1954 784 1
1956 1941 1
1957 1958 1
1957 4 1
1958 15 1
1958 1914 1
1958 1970 1
1959 1905 1
1959 1911 1
1959 1912 1
1959 1918 1
1959 1919 1
1959 1925 1
1959 1926 1
1959 1929 1
1959 1930 1
1959 1936 1
1959 1939 1
1959 1941 1
1959 1942 1
1959 1953 1
1959 1958 1
1959 1960 1
1959 1961 1
1959 1962 1
1959 209 1
1959 28 1
1959 4 1
1959 78 1
1960 1914 1
1960 1973 1
1961 15 1
1961 1914 1
1961 1966 1
1961 1967 1
196 143 1
196 183 1
196 187 1
196 188 1
196 197 1
1962 1914 1
1962 1965 1
1963 1914 1
1964 1960 1
1964 28 1
1965 15 1
1965 1582 1
1965 1585 1
1965 20 1
1965 2221 1
1965 2225 1
1965 38 1
1966 1582 1
1966 1585 1
1966 20 1
1966 2221 1
1968 15 1
1968 1914 1
1968 20 1
1969 15 1
1969 1582 1
1969 1585 1
1969 1889 1
1969 20 1
1969 2221 1
1970 15 1
1970 1582 1
1970 1585 1
1970 1889 1
1970 20 1
1970 2221 1
1971 15 1
1971 1582 1
1971 1585 1
1971 1889 1
1971 20 1
1971 2221 1
197 143 1
1972 15 1
1972 1745 1
1973 20 1
1973 2221 1
1974 15 1
1974 1914 1
1974 1969 1
1975 15 1
1975 1914 1
1975 1976 1
1976 15 1
1976 1582 1
1976 1585 1
1976 1870 1
1976 1871 1
1976 1888 1
1976 1889 1
1976 20 1
1976 2047 1
1976 2058 1
1976 2059 1
1976 2190 1
1976 2221 1
1976 2224 1
1976 2229 1
1976 2231 1
1977 15 1
1977 1582 1
1977 1585 1
1977 1889 1
1977 20 1
1977 2221 1
1978 15 1
1978 1870 1
1979 15 1
1979 1889 1
1979 20 1
1979 2221 1
1980 1914 1
1980 510 1
1981 20 1
198 143 1
1982 15 1
1982 377 1
1983 15 1
1984 1942 1
1984 1962 1
1985 15 1
1986 1939 1
1986 1961 1
1987 15 1
1988 15 1
1989 102 1
1989 15 1
1989 1990 1
1990 20 1
1991 15 1
1991 1992 1
1991 1993 1
1991 1994 1
1991 1995 1
1991 1996 1
1991 1997 1
1991 1998 1
1991 1999 1
1991 2000 1
1991 2001 1
1991 2002 1
1991 2003 1
1991 2004 1
1991 2005 1
1991 2006 1
1991 2007 1
1991 2008 1
1991 2009 1
1991 2010 1
1991 2011 1
1991 2012 1
1991 2013 1
1991 2014 1
1991 2015 1
1991 2016 1
1991 2017 1
1991 2018 1
1991 2019 1
1991 2020 1
1991 2021 1
1991 2022 1
1991 2023 1
199 143 1
199 144 1
199 159 1
199 200 1
1992 15 1
1992 2025 1
1992 2035 1
1993 15 1
1993 2035 1
1995 2025 1
1995 2026 1
1995 2027 1
1995 2029 1
1996 2025 1
1996 2026 1
1996 2027 1
1996 2029 1
1997 2025 1
1998 2025 1
1999 15 1
1999 2025 1
2000 2025 1
2001 2025 1
2002 2025 1
2003 15 1
2003 2025 1
2003 2026 1
2003 2027 1
2003 2035 1
2003 2036 1
2003 2037 1
2004 15 1
2004 2025 1
2005 15 1
2005 2035 1
2006 15 1
2006 2025 1
2006 2026 1
2006 2027 1
2007 15 1
2007 2025 1
2007 2026 1
2007 2027 1
2007 2034 1
2007 2035 1
2008 15 1
2008 2025 1
2008 2026 1
2008 2027 1
2009 2025 1
2009 2026 1
2009 2027 1
2009 2028 1
2009 2034 1
2010 2025 1
2011 15 1
2011 2025 1
2011 2026 1
2011 2027 1
201 143 1
201 187 1
201 202 1
2012 2025 1
2013 2025 1
2014 2025 1
2014 2026 1
2014 2027 1
2015 15 1
2015 2025 1
2015 2026 1
2015 2027 1
2015 2029 1
2016 2025 1
2017 2025 1
2018 15 1
2018 2026 1
2018 2027 1
2018 2029 1
2019 2025 1
2019 2026 1
2019 2027 1
2020 15 1
2020 2025 1
2021 2025 1
202 148 1
202 151 1
202 156 1
2022 2024 1
2022 2025 1
2022 2026 1
2022 2027 1
2022 2028 1
2022 40 1
2023 2024 1
2023 2025 1
2023 2026 1
2023 2027 1
2023 2028 1
2023 40 1
2024 20 1
2024 2028 1
2024 40 1
2025 15 1
2025 20 1
2027 15 1
2027 2046 1
2027 2047 1
2029 20 1
2030 20 1
2030 2026 1
2030 2027 1
2030 2031 1
2030 2032 1
203 150 1
203 187 1
203 204 1
2033 15 1
2033 2027 1
203 32 1
2035 15 1
2035 20 1
2035 2032 1
2036 15 1
2037 15 1
2037 20 1
2038 15 1
2038 2026 1
2038 2027 1
2038 2037 1
2039 1307 1
2039 15 1
2039 20 1
2039 2032 1
2040 2026 1
2040 2027 1
2041 1077 1
2041 15 1
2041 2042 1
2041 988 1
2042 1077 1
2043 15 1
2043 20 1
2044 15 1
2044 2026 1
2044 2027 1
2045 15 1
2047 20 1
2047 2027 1
2047 2028 1
2048 15 1
2048 2026 1
2049 15 1
2049 1870 1
2049 2026 1
2049 2035 1
2049 2050 1
2049 2051 1
2049 2052 1
205 143 1
205 206 1
2053 1879 1
2054 2055 1
2056 1878 1
2057 1876 1
2058 2028 1
2058 2034 1
2059 1870 1
2059 2028 1
2060 15 1
2060 1870 1
2060 2027 1
2060 2028 1
2060 2032 1
2060 40 1
2061 102 1
2061 2027 1
2061 2028 1
206 148 1
206 151 1
206 156 1
2062 1116 1
2062 1123 1
2062 385 1
2063 1132 1
2063 385 1
206 400 1
2064 102 1
2064 15 1
2064 1553 1
2064 38 1
2065 15 1
2065 1553 1
2066 15 1
2066 1769 1
2066 2067 1
2066 2068 1
2069 1077 1
2069 1116 1
2069 15 1
2069 2070 1
2069 385 1
2069 593 1
2071 102 1
2071 15 1
2071 1539 1
2071 1794 1
2071 1795 1
2071 1798 1
2071 1799 1
2071 1804 1
2071 1805 1
2071 1806 1
2071 1807 1
2071 1810 1
2071 1914 1
2071 1927 1
2071 1983 1
2071 1985 1
2071 1987 1
2071 2072 1
2071 2073 1
2071 28 1
207 142 1
207 148 1
207 150 1
2071 52 1
2071 559 1
207 183 1
2072 15 1
2072 649 1
2073 15 1
2074 1871 1
2074 1875 1
2074 1876 1
2074 1877 1
2074 1878 1
2074 1879 1
2074 1880 1
2074 1881 1
2074 1882 1
2074 1885 1
2074 1886 1
2074 1887 1
2074 1889 1
2074 38 1
2075 102 1
2075 15 1
2075 20 1
2075 2076 1
2075 2077 1
2075 2078 1
2075 2079 1
2079 1586 1
2079 1970 1
2079 2090 1
2079 2119 1
2079 2189 1
2079 2190 1
2079 2236 1
2080 1871 1
2080 1875 1
2080 1876 1
2080 1877 1
2080 1878 1
2080 1879 1
2080 1880 1
2080 1881 1
2080 1882 1
2080 1885 1
2080 1886 1
2080 1887 1
2080 1889 1
2081 1123 1
2081 15 1
2081 1874 1
2081 20 1
2081 40 1
208 144 1
208 148 1
208 150 1
208 15 1
208 183 1
208 200 1
208 209 1
2082 1168 1
2082 38 1
2083 1875 1
2083 1876 1
2083 1877 1
2083 1878 1
2083 1879 1
2083 1880 1
2083 20 1
2084 1871 1
2084 1875 1
2084 1876 1
2084 1877 1
2084 1878 1
2084 1879 1
2084 1880 1
2084 1881 1
2084 1882 1
2084 1885 1
2084 1886 1
2084 1887 1
2084 1889 1
2084 20 1
2085 38 1
2086 1914 1
2086 2087 1
2086 2088 1
2086 2089 1
2087 1132 1
2087 1137 1
2087 1176 1
2087 1585 1
2087 1914 1
2087 2090 1
2087 2095 1
2087 28 1
2087 350 1
2087 490 1
2087 784 1
2088 102 1
2088 1132 1
2088 1137 1
2088 1176 1
2088 1582 1
2088 2090 1
2088 2091 1
2088 28 1
2088 38 1
2088 490 1
2088 784 1
2089 102 1
2089 1132 1
2089 1137 1
2089 1769 1
2089 1914 1
2089 2071 1
2089 2090 1
2089 784 1
2090 102 1
2090 1077 1
2090 15 1
2090 2046 1
2090 2047 1
2090 2182 1
2090 2224 1
2090 38 1
2090 47 1
2090 616 1
2091 15 1
2091 20 1
2091 2042 1
2091 599 1
2092 102 1
2092 1132 1
2092 1137 1
2092 1761 1
2092 1769 1
2092 2071 1
2092 2090 1
2092 38 1
2092 784 1
2093 15 1
2094 15 1
2094 38 1
2096 1914 1
2096 2090 1
2097 1132 1
2097 1137 1
2097 15 1
2097 1762 1
2097 1769 1
2097 1786 1
2097 1793 1
2097 1795 1
2097 1797 1
2097 1801 1
2097 1810 1
2097 1811 1
2097 1870 1
2097 1914 1
2097 20 1
2097 2090 1
2097 2098 1
2097 2099 1
2097 2100 1
2097 2101 1
2097 2102 1
2097 2103 1
2097 2104 1
2097 2105 1
2097 2106 1
2097 2107 1
2097 2108 1
2097 2109 1
2097 2110 1
2097 2111 1
2097 2112 1
2097 2113 1
2097 2114 1
2097 2115 1
2097 2116 1
2097 247 1
2097 350 1
2097 38 1
2097 490 1
2097 52 1
2097 559 1
2097 784 1
2098 1132 1
2098 15 1
2098 20 1
2098 2257 1
2098 38 1
2099 20 1
2099 38 1
2100 15 1
2100 20 1
2100 2257 1
2101 15 1
2101 20 1
210 143 1
2102 20 1
2103 20 1
2104 102 1
2104 15 1
2104 20 1
2104 2271 1
2105 15 1
2105 20 1
2105 38 1
2106 15 1
2106 20 1
2106 2257 1
2107 38 1
2108 38 1
2109 38 1
2110 38 1
2111 15 1
2111 2257 1
211 143 1
211 144 1
211 159 1
211 200 1
2112 20 1
2112 2257 1
2112 38 1
2113 15 1
2113 20 1
2113 38 1
2114 38 1
2115 15 1
2116 15 1
2117 102 1
2117 1050 1
2117 1051 1
2117 111 1
2117 15 1
2117 47 1
2117 594 1
2118 1875 1
2118 2119 1
2120 1889 1
2120 38 1
2121 1875 1
2121 1876 1
2121 1877 1
2121 1878 1
2121 1879 1
2121 1880 1
2121 1881 1
2121 1882 1
2121 1887 1
2121 1889 1
2121 20 1
2121 2119 1
212 13 1
212 151 1
212 183 1
2122 1875 1
2122 1876 1
2122 1877 1
2122 1878 1
2122 1879 1
2122 1880 1
2122 20 1
2122 2119 1
2123 1889 1
2124 1582 1
2124 1585 1
2125 15 1
2126 15 1
2127 1116 1
2127 2128 1
2129 1116 1
2129 2130 1
2129 2131 1
213 142 1
213 144 1
2132 2133 1
2132 2134 1
2135 1116 1
2136 1116 1
2137 1116 1
2137 2138 1
2139 1116 1
2139 2140 1
214 102 1
2141 1116 1
2141 2142 1
214 142 1
214 20 1
2143 1116 1
2144 1116 1
2144 2145 1
2144 2146 1
2147 1116 1
2147 2148 1
2149 1116 1
2149 2150 1
2149 2151 1
215 142 1
215 144 1
215 148 1
215 15 1
215 183 1
215 209 1
2152 2153 1
2154 1116 1
2154 2155 1
2154 2156 1
2157 1116 1
2157 2158 1
2157 2159 1
2160 1116 1
2160 2161 1
2160 2162 1
216 142 1
216 144 1
216 183 1
2163 102 1
2163 106 1
2163 1077 1
2163 15 1
2163 1566 1
2163 1598 1
2163 2164 1
2163 2165 1
2163 47 1
2166 15 1
2166 28 1
2167 102 1
2167 15 1
2167 20 1
2167 47 1
2168 133 1
2168 15 1
2168 1588 1
2168 1594 1
2168 2078 1
2168 2189 1
2168 2196 1
2168 2197 1
2168 47 1
2168 593 1
2168 78 1
2169 103 1
2169 1077 1
2169 1139 1
2169 128 1
2169 15 1
2169 1534 1
2169 20 1
2169 53 1
2171 15 1
217 142 1
217 144 1
217 151 1
217 183 1
217 20 1
2172 15 1
2172 38 1
2173 102 1
2173 1585 1
2173 1902 1
2173 2095 1
2173 38 1
2173 616 1
2173 784 1
2174 133 1
2174 15 1
2174 2075 1
2174 2078 1
2174 2079 1
2174 2175 1
2174 2176 1
2174 2177 1
2178 15 1
2178 1588 1
2178 1656 1
2178 539 1
2179 15 1
2179 2180 1
2181 2182 1
2181 38 1
218 142 1
218 144 1
2183 1077 1
2183 15 1
2183 616 1
2184 15 1
2184 2075 1
2184 2079 1
2184 2175 1
2184 2185 1
2184 28 1
2184 38 1
2186 102 1
2186 15 1
2186 40 1
2187 1888 1
2188 102 1
2188 1132 1
2188 1137 1
2188 15 1
2188 1582 1
2188 2189 1
2188 2190 1
2188 28 1
2188 38 1
2189 15 1
2189 38 1
2189 593 1
2189 616 1
2190 15 1
2190 40 1
2191 38 1
219 174 1
2192 133 1
2192 15 1
2192 1598 1
219 220 1
2192 2075 1
2192 2078 1
2192 2079 1
2192 2095 1
2192 2176 1
2192 2193 1
2194 102 1
2194 133 1
2194 15 1
2194 209 1
2194 2189 1
2195 102 1
2195 1077 1
2195 133 1
2195 15 1
2195 1914 1
2195 20 1
2195 2077 1
2195 2078 1
2195 658 1
2195 784 1
2198 1030 1
2198 1050 1
2198 1123 1
2198 15 1
2198 1593 1
2198 1887 1
2198 47 1
2198 593 1
2198 594 1
2199 1931 1
2199 1935 1
2199 1938 1
2199 1944 1
2199 1945 1
2199 1946 1
2199 2200 1
2199 2201 1
2199 2202 1
2199 2203 1
2199 247 1
2199 254 1
2199 281 1
2199 338 1
2199 385 1
2199 557 1
2199 616 1
2199 636 1
2199 658 1
2199 799 1
2199 804 1
2199 809 1
2200 2314 1
2200 2316 1
2201 2314 1
2201 2316 1
2202 2314 1
2202 2447 1
2203 15 1
2203 2314 1
2203 2316 1
2204 2077 1
2204 2078 1
2205 102 1
2205 133 1
2205 15 1
2205 1582 1
2205 1902 1
2205 2124 1
2205 2196 1
2205 38 1
2206 1916 1
2206 490 1
2207 102 1
2207 15 1
2208 102 1
2208 15 1
2208 1786 1
2208 1793 1
2208 2071 1
2208 2182 1
2208 38 1
2208 52 1
2209 2075 1
2209 2079 1
2210 20 1
2211 102 1
2211 1077 1
2211 15 1
2211 20 1
2211 2212 1
2211 487 1
221 15 1
221 183 1
2212 15 1
221 222 1
2212 2314 1
2212 2395 1
2212 2416 1
2212 2442 1
2212 616 1
2213 15 1
2214 15 1
2214 20 1
2214 40 1
2215 15 1
2215 40 1
2216 102 1
2216 1123 1
2216 15 1
2216 20 1
22 17 1
2217 102 1
2217 110 1
2217 1123 1
2217 15 1
2217 20 1
2217 47 1
2218 15 1
2219 15 1
2219 40 1
2220 1046 1
2220 148 1
2222 2055 1
2222 38 1
2223 15 1
2223 1889 1
2223 1902 1
2223 2047 1
2223 2090 1
2223 2224 1
2223 38 1
2226 15 1
2226 1582 1
2226 1585 1
2227 15 1
2227 1582 1
2227 1585 1
2227 20 1
2227 2053 1
2227 2221 1
2228 15 1
2228 1582 1
2228 1585 1
2228 2229 1
2229 15 1
2229 1582 1
2229 1585 1
2230 15 1
2230 1582 1
2230 1585 1
2230 1887 1
2230 20 1
2230 2221 1
2230 2229 1
2230 38 1
22 3 1
223 213 1
2232 1582 1
2232 1585 1
2232 20 1
2232 2221 1
2233 20 1
2234 2090 1
2234 2223 1
2235 148 1
2236 1168 1
2236 15 1
2236 1582 1
2236 1585 1
2236 1902 1
2237 15 1
2237 178 1
2237 2238 1
2237 2239 1
2237 608 1
2240 102 1
2240 1429 1
2240 15 1
2240 1990 1
2240 20 1
2240 2029 1
2240 2037 1
2240 2229 1
2241 2090 1
2241 2242 1
224 142 1
224 183 1
2243 1168 1
2243 1248 1
2243 15 1
2243 1874 1
2243 20 1
2243 2046 1
2243 2090 1
2243 2098 1
2243 2099 1
2243 2100 1
2243 2101 1
2243 2103 1
2243 2104 1
2243 2105 1
2243 2106 1
2243 2107 1
2243 2108 1
2243 2111 1
2243 2112 1
2243 2113 1
2243 2244 1
2243 2245 1
2243 2246 1
2243 2247 1
2243 2248 1
2243 2249 1
2243 2250 1
2243 2251 1
2243 2252 1
2244 15 1
2245 102 1
2245 15 1
2245 78 1
2246 102 1
2246 15 1
2246 38 1
2247 15 1
2247 1870 1
2247 38 1
2248 38 1
2249 38 1
22 5 1
225 183 1
2252 20 1
2252 38 1
2254 2099 1
2254 2105 1
2254 2113 1
2254 2255 1
2255 20 1
2256 102 1
2256 15 1
2256 1796 1
2256 1931 1
2256 1933 1
2256 1935 1
2256 1938 1
2256 1944 1
2256 1945 1
2256 1946 1
2256 2047 1
2256 2090 1
2256 2098 1
2256 2099 1
2256 2100 1
2256 2101 1
2256 2102 1
2256 2103 1
2256 2104 1
2256 2105 1
2256 2106 1
2256 2107 1
2256 2108 1
2256 2109 1
2256 2110 1
2256 2111 1
2256 2112 1
2256 2113 1
2256 2114 1
2256 2171 1
2256 2172 1
2256 2181 1
2256 2183 1
2256 2200 1
2256 2201 1
2256 2202 1
2256 2203 1
2256 2229 1
2256 2244 1
2256 2245 1
2256 2246 1
2256 2247 1
2256 2248 1
2256 2249 1
2256 2250 1
2256 2251 1
2256 2252 1
2256 2257 1
2256 2258 1
2256 2259 1
2256 2260 1
2256 2261 1
2256 2262 1
2256 2263 1
2256 2264 1
2256 2265 1
2256 2266 1
2256 2267 1
2256 2268 1
2256 247 1
2256 254 1
2256 281 1
2256 338 1
2256 38 1
2256 385 1
2256 432 1
2256 485 1
2256 487 1
2256 557 1
2256 616 1
2256 636 1
2256 653 1
2256 658 1
2256 78 1
2256 799 1
2256 804 1
2256 809 1
2260 15 1
2261 38 1
226 183 1
226 215 1
2262 15 1
2263 15 1
2263 2257 1
2264 15 1
2264 2257 1
2264 784 1
2265 1870 1
2266 15 1
2267 2366 1
2268 2314 1
2268 2316 1
2269 106 1
2269 15 1
2269 2270 1
2269 593 1
2269 608 1
2269 748 1
22 7 1
227 13 1
227 142 1
227 148 1
2272 20 1
2273 15 1
2273 2274 1
2275 15 1
2275 20 1
2276 102 1
2276 15 1
2277 102 1
2277 2098 1
2277 2119 1
2278 1051 1
2278 1134 1
2278 2098 1
2278 2119 1
2278 2279 1
2278 593 1
2280 2098 1
2280 2119 1
2281 15 1
2281 2282 1
228 13 1
2281 40 1
228 142 1
228 144 1
228 148 1
228 151 1
228 183 1
228 209 1
228 213 1
2283 15 1
228 38 1
2284 15 1
2284 40 1
2285 15 1
2285 40 1
2289 2077 1
2289 2078 1
2290 103 1
2290 1116 1
2290 1126 1
2290 1127 1
2290 128 1
2290 15 1
2290 1599 1
2290 2173 1
2290 2197 1
2290 2236 1
2290 38 1
2290 47 1
2290 53 1
2290 78 1
2290 784 1
2291 2098 1
2291 2119 1
229 148 1
229 151 1
229 183 1
229 209 1
2292 102 1
2292 15 1
2292 20 1
2292 209 1
2292 2167 1
2292 40 1
2293 2098 1
2293 2119 1
2294 1137 1
2294 2295 1
2296 1870 1
2296 1889 1
2296 2047 1
2296 2098 1
2296 2110 1
2296 40 1
2297 15 1
2297 1887 1
2297 2098 1
2297 2119 1
2297 594 1
2298 2098 1
2298 2119 1
2299 1889 1
2299 28 1
2300 2098 1
2300 2119 1
2300 2215 1
2301 1586 1
2301 2098 1
2301 2119 1
2301 2228 1
230 148 1
230 15 1
230 175 1
2302 1915 1
2302 2112 1
2302 2259 1
230 231 1
230 232 1
2302 38 1
2303 15 1
2303 1878 1
2303 1879 1
2303 2082 1
2303 2255 1
2304 1915 1
2304 2098 1
2304 2119 1
2304 2228 1
2305 102 1
2305 1889 1
2305 2098 1
2305 2119 1
2305 2190 1
2306 2050 1
2307 1168 1
2307 15 1
2307 2026 1
2307 2050 1
2307 2051 1
2307 2052 1
2307 2308 1
2309 15 1
2309 2052 1
2310 15 1
2311 2026 1
2311 2312 1
2311 40 1
2313 102 1
2313 15 1
2313 2314 1
2313 2315 1
2313 2316 1
2313 28 1
2313 38 1
2313 828 1
2314 102 1
2314 1077 1
2314 1319 1
2314 15 1
2314 20 1
2314 2338 1
2314 2342 1
2314 2357 1
2314 2364 1
2314 2391 1
2314 2401 1
2314 2402 1
2314 2403 1
2314 2404 1
2314 2405 1
2314 2406 1
2314 2407 1
2314 2408 1
2314 2409 1
2314 2410 1
2314 2411 1
2314 28 1
2314 38 1
2314 47 1
2314 510 1
2314 594 1
2314 791 1
23 15 1
2315 15 1
2316 102 1
2316 15 1
2316 20 1
2316 2331 1
2316 2342 1
2316 2364 1
2316 2399 1
2316 2416 1
2316 2417 1
2316 340 1
2316 38 1
2316 40 1
2316 526 1
2316 77 1
2316 828 1
23 17 1
2317 15 1
2317 2028 1
2318 15 1
2318 2026 1
2318 40 1
2318 747 1
2319 15 1
2319 2320 1
2319 38 1
2319 40 1
2321 40 1
2322 15 1
2322 2323 1
2322 607 1
2323 15 1
2323 2282 1
2323 40 1
23 24 1
2324 1420 1
2324 15 1
2324 1852 1
2324 2050 1
2324 2314 1
2324 2323 1
2324 2325 1
2324 38 1
2324 593 1
2324 828 1
2325 15 1
2326 15 1
2326 38 1
2326 40 1
2327 15 1
2328 15 1
2328 40 1
2329 15 1
2329 40 1
2330 20 1
2330 2314 1
2330 2316 1
2330 2331 1
2330 2332 1
23 3 1
233 13 1
233 142 1
233 183 1
2332 15 1
2332 2314 1
2332 2394 1
2332 2416 1
2332 2444 1
2332 340 1
2333 2334 1
2333 38 1
2334 15 1
2334 2316 1
2335 2336 1
2337 15 1
2337 2314 1
2337 2338 1
2338 15 1
2338 2314 1
2338 2465 1
2339 15 1
2339 2314 1
2339 2316 1
2340 15 1
2340 2314 1
2340 2316 1
2340 2331 1
2340 77 1
2341 15 1
2341 2314 1
2341 2316 1
2341 2342 1
234 142 1
234 183 1
2342 2316 1
2342 38 1
2343 2334 1
2343 38 1
2344 2316 1
2344 2345 1
2345 2316 1
2346 15 1
2346 2316 1
2346 2347 1
2347 15 1
2347 2316 1
2348 2349 1
2349 2357 1
2350 2316 1
2350 2351 1
2350 38 1
23 5 1
235 13 1
235 142 1
235 148 1
235 151 1
235 183 1
235 209 1
2352 15 1
2352 2314 1
2352 2316 1
2353 2354 1
2353 2355 1
235 38 1
2354 15 1
2354 340 1
2354 38 1
2355 2316 1
2356 15 1
2356 2314 1
2356 2316 1
2356 2357 1
2356 28 1
2356 38 1
2357 15 1
2357 2314 1
2357 2395 1
2357 2416 1
2357 2436 1
2357 2437 1
2357 604 1
2358 102 1
2358 2316 1
2358 2359 1
2359 2316 1
2360 2361 1
2360 38 1
236 148 1
236 183 1
2362 2363 1
2362 2364 1
236 237 1
2363 2314 1
236 4 1
2364 15 1
2364 20 1
2364 2316 1
2365 15 1
2365 20 1
2365 2314 1
2365 2316 1
2365 2331 1
2365 2366 1
2365 2367 1
2365 2368 1
2365 38 1
2365 787 1
2366 2418 1
2368 15 1
2368 20 1
2368 2399 1
2368 2413 1
2368 340 1
2368 38 1
2369 2314 1
2369 2357 1
2370 2316 1
2370 2334 1
2370 2366 1
2370 28 1
2370 38 1
23 7 1
2371 2314 1
2371 2316 1
2371 38 1
237 20 1
2372 2316 1
2372 2361 1
2372 2373 1
237 224 1
237 236 1
2372 38 1
237 243 1
237 245 1
237 315 1
2373 2316 1
237 337 1
237 340 1
237 374 1
2374 2375 1
2376 2349 1
2377 2334 1
2377 2378 1
237 78 1
2378 2316 1
2379 2378 1
2379 2380 1
2379 2381 1
2380 15 1
2380 2331 1
2380 2364 1
2381 15 1
2381 2331 1
2381 2378 1
2381 340 1
2381 38 1
238 183 1
2382 2355 1
238 237 1
2383 15 1
238 32 1
2383 2314 1
2383 2316 1
2383 2364 1
2383 2384 1
2384 15 1
2384 2314 1
2384 2415 1
2384 2416 1
2384 340 1
2384 712 1
2385 2386 1
2387 2334 1
2387 2388 1
2387 38 1
2388 2316 1
2389 2334 1
2390 1077 1
2390 110 1
2390 15 1
2390 2391 1
2390 2392 1
2390 38 1
2390 40 1
2390 47 1
239 183 1
239 237 1
2393 15 1
2394 38 1
2395 102 1
2395 1077 1
2395 15 1
2395 20 1
2395 2212 1
2395 2357 1
2395 2384 1
2395 2396 1
2395 2397 1
2395 38 1
2395 593 1
2395 594 1
2396 15 1
2396 47 1
2396 594 1
2398 15 1
2398 20 1
2398 2399 1
2398 2400 1
2398 38 1
2399 15 1
2399 20 1
2399 2314 1
2400 15 1
2400 1534 1
2400 20 1
2400 2365 1
2400 2367 1
2400 28 1
2400 38 1
2400 787 1
2401 1168 1
2401 15 1
2401 2501 1
2401 38 1
2401 474 1
2401 478 1
2401 513 1
240 183 1
240 237 1
2403 1077 1
2403 15 1
2403 38 1
2403 828 1
2404 2314 1
2404 2316 1
2404 28 1
2404 38 1
2404 748 1
2406 15 1
2406 2316 1
2407 15 1
2408 15 1
2408 20 1
2408 2314 1
2408 2316 1
2408 2400 1
2408 2582 1
2408 38 1
2410 15 1
2410 2314 1
241 150 1
241 183 1
241 187 1
2412 102 1
2412 15 1
2412 20 1
2412 2399 1
2412 38 1
2413 15 1
2413 20 1
2413 2398 1
2414 15 1
2414 2212 1
2414 38 1
2414 828 1
2415 38 1
2418 15 1
2419 102 1
2419 15 1
2419 20 1
2419 2314 1
2419 2331 1
2419 2420 1
2419 38 1
2420 15 1
2420 20 1
2420 2758 1
2421 15 1
2421 2316 1
242 156 1
2422 15 1
2422 2316 1
2423 1077 1
2423 15 1
2423 2424 1
2423 2425 1
2424 102 1
2424 1077 1
2424 1126 1
2424 15 1
2424 1604 1
2426 1931 1
2426 2314 1
2426 2416 1
2427 15 1
2427 2314 1
2427 2415 1
2427 2428 1
2429 15 1
2429 2314 1
2429 2416 1
2429 2430 1
2430 15 1
2430 2314 1
2430 2316 1
2431 15 1
2431 340 1
243 144 1
2432 15 1
2432 2203 1
2432 2314 1
2432 2415 1
2432 2416 1
2433 15 1
2433 1935 1
2433 2314 1
2433 2416 1
2434 2314 1
2434 2415 1
2434 2428 1
2435 15 1
2435 2314 1
2435 2364 1
2436 15 1
2436 2501 1
2436 474 1
2436 478 1
2436 513 1
2437 2357 1
2437 2384 1
2438 102 1
2438 15 1
2438 2314 1
2438 2416 1
2438 252 1
2438 38 1
2439 15 1
2439 20 1
2439 2314 1
2439 2316 1
2439 2331 1
2439 2416 1
2439 2419 1
2439 385 1
2440 15 1
2440 2314 1
2440 2416 1
2440 636 1
2441 2314 1
2441 2415 1
2441 2416 1
2441 254 1
244 13 1
244 15 1
244 183 1
2442 2212 1
2442 2314 1
244 231 1
2443 15 1
2443 2200 1
2443 2314 1
2443 2415 1
2443 2416 1
2444 15 1
2445 15 1
2445 2314 1
2445 2416 1
2445 2446 1
2447 15 1
2447 2202 1
2447 2314 1
2447 2415 1
2447 2416 1
2448 2314 1
2448 2331 1
2448 2415 1
2448 2416 1
2448 557 1
2449 15 1
2449 20 1
2449 2314 1
2449 2316 1
2449 2416 1
2449 2450 1
2449 2451 1
2450 15 1
2450 2314 1
2450 2316 1
2452 15 1
2452 1938 1
2452 2314 1
2452 2416 1
245 246 1
245 247 1
245 248 1
2453 15 1
2453 2314 1
2453 2416 1
2453 2454 1
2454 2314 1
2454 2316 1
2455 15 1
2455 2314 1
2455 2416 1
2455 2456 1
2456 15 1
2456 2314 1
2456 2316 1
2457 1944 1
2457 2314 1
2457 2416 1
2458 15 1
2458 2314 1
2458 2415 1
2458 2416 1
2458 2428 1
2458 804 1
2459 15 1
2459 2314 1
2459 2416 1
2459 799 1
2460 15 1
2460 2314 1
2460 2416 1
2460 658 1
2461 13 1
2461 15 1
2461 151 1
2461 2314 1
2461 2416 1
2462 2314 1
2462 2416 1
2462 281 1
2463 15 1
2463 2314 1
2463 2416 1
2463 809 1
2464 15 1
2464 1679 1
2464 20 1
2464 2314 1
2464 2316 1
2464 2416 1
2464 2451 1
2465 15 1
2465 2337 1
2466 1420 1
2466 1840 1
2466 2314 1
2466 2316 1
2466 2380 1
2466 2428 1
2466 2467 1
2466 4 1
2466 69 1
2468 15 1
2468 2314 1
2468 2331 1
2469 15 1
2469 2314 1
2469 2416 1
2469 2470 1
2470 15 1
2470 2314 1
2470 2316 1
2471 15 1
2471 1945 1
2471 2314 1
2471 2416 1
247 15 1
2472 15 1
2472 2314 1
2472 2416 1
2472 2473 1
247 2314 1
247 2316 1
2473 2314 1
2473 2316 1
2473 2330 1
2474 15 1
2474 2201 1
2474 2314 1
2474 2394 1
2474 2416 1
2474 2428 1
2475 15 1
2476 15 1
2476 2314 1
2476 340 1
2477 15 1
2477 1946 1
2477 2314 1
2477 2416 1
2478 15 1
2478 2314 1
2478 2416 1
2478 2479 1
2479 2314 1
2479 2316 1
2479 2330 1
2480 1123 1
2480 15 1
2480 38 1
2480 47 1
2481 1123 1
2481 1137 1
2481 1420 1
248 115 1
2481 15 1
248 116 1
2481 1840 1
2481 2314 1
2481 2316 1
2481 2342 1
2481 2380 1
2481 2399 1
2481 2426 1
2481 2427 1
2481 2429 1
2481 2432 1
2481 2433 1
2481 2434 1
2481 2435 1
2481 2439 1
2481 2440 1
2481 2441 1
2481 2443 1
2481 2445 1
2481 2447 1
2481 2448 1
2481 2449 1
2481 2453 1
2481 2455 1
2481 2457 1
2481 2458 1
2481 2459 1
2481 2460 1
2481 2461 1
2481 2463 1
2481 2464 1
2481 2467 1
2481 2468 1
2481 2469 1
2481 2471 1
2481 2472 1
2481 2474 1
2481 2476 1
2481 2477 1
2481 2478 1
2481 2482 1
2481 28 1
248 137 1
2481 4 1
2481 47 1
248 15 1
2481 638 1
2481 69 1
248 17 1
2481 787 1
248 20 1
248 2 1
248 21 1
248 28 1
248 3 1
2483 102 1
2483 20 1
2483 2316 1
2483 2364 1
2483 2391 1
2483 2407 1
2483 2413 1
2483 2484 1
2483 2485 1
2483 28 1
2483 38 1
248 38 1
248 4 1
248 49 1
248 5 1
2485 15 1
2485 28 1
2485 38 1
2485 40 1
2485 510 1
2486 15 1
2486 1568 1
2486 40 1
248 641 1
248 642 1
248 643 1
248 7 1
2487 15 1
2487 187 1
2487 38 1
2487 510 1
2488 15 1
248 9 1
2489 15 1
2490 15 1
2490 2413 1
2491 111 1
2491 1123 1
2491 1168 1
2491 15 1
2491 2492 1
2491 47 1
249 246 1
2493 1168 1
2493 15 1
2493 2494 1
2495 15 1
2495 1572 1
2495 187 1
2496 15 1
2496 1574 1
2496 28 1
2496 40 1
2496 510 1
2497 1168 1
2497 15 1
2498 1168 1
2499 38 1
2500 1168 1
2500 15 1
2500 20 1
2502 1168 1
2502 15 1
2502 38 1
250 246 1
250 251 1
250 252 1
2503 1168 1
2503 2314 1
2503 2468 1
2503 2504 1
2504 2468 1
2505 2314 1
2505 2316 1
2506 20 1
2506 2314 1
2507 1168 1
2507 15 1
2508 1168 1
2508 2316 1
2508 340 1
2509 2334 1
2509 2388 1
2509 2501 1
2509 38 1
2510 38 1
2511 1168 1
2511 2314 1
2511 2404 1
25 12 1
251 2 1
2512 28 1
2512 38 1
2513 2366 1
251 38 1
2514 2400 1
2514 2556 1
25 15 1
2515 2400 1
2515 2556 1
251 599 1
2516 2400 1
2516 2556 1
251 665 1
2517 28 1
2518 15 1
2519 15 1
2519 20 1
2519 2314 1
2519 2316 1
2519 2400 1
2519 2528 1
2519 38 1
2519 40 1
2520 15 1
2520 20 1
2520 2314 1
2520 2316 1
2520 2400 1
2520 785 1
2522 2366 1
252 2314 1
252 2316 1
2523 28 1
2523 69 1
2524 15 1
2525 15 1
25 26 1
2526 15 1
2526 599 1
2527 15 1
2527 1572 1
2527 1574 1
2527 1661 1
2527 2406 1
2527 2407 1
2527 2496 1
2527 28 1
2527 38 1
2527 40 1
2527 510 1
2528 15 1
2529 15 1
2530 15 1
2530 2316 1
25 3 1
2531 15 1
2531 2316 1
2532 15 1
2532 2316 1
253 246 1
253 254 1
253 28 1
2533 15 1
2533 2316 1
2534 15 1
2534 2316 1
2535 15 1
2535 2316 1
2536 15 1
2536 2316 1
2537 15 1
2537 2316 1
2538 15 1
2538 2316 1
2539 15 1
2539 2758 1
2539 38 1
2539 86 1
2540 15 1
2540 1534 1
2540 20 1
2540 2314 1
254 15 1
2541 783 1
2542 15 1
2542 20 1
254 2314 1
254 2316 1
2543 15 1
2543 20 1
2543 2314 1
2543 2316 1
2543 2400 1
2543 2560 1
2543 38 1
2544 15 1
2545 2400 1
2545 2522 1
2546 15 1
2546 20 1
2546 28 1
2546 38 1
2546 787 1
2547 1030 1
2547 15 1
2547 20 1
2548 78 1
2549 2367 1
2550 15 1
2550 20 1
2550 2331 1
2550 2365 1
2550 2367 1
2550 38 1
25 5 1
2551 15 1
2552 15 1
2552 2340 1
255 246 1
2552 77 1
2553 1077 1
2553 15 1
2553 20 1
2553 2395 1
2553 593 1
2553 594 1
2554 38 1
2555 15 1
2555 599 1
2556 15 1
2556 2366 1
2557 15 1
2557 1534 1
2557 20 1
2557 2314 1
2557 2316 1
2557 2400 1
2557 2558 1
2557 38 1
2558 15 1
2559 15 1
2559 20 1
2559 2072 1
2559 2400 1
2559 649 1
2560 15 1
2561 15 1
2561 20 1
2561 2262 1
2561 2400 1
2562 2073 1
2562 2314 1
2562 2316 1
2562 2400 1
256 246 1
256 257 1
2563 15 1
2563 20 1
2563 2115 1
2563 2314 1
2563 2316 1
2563 2400 1
2564 15 1
2564 20 1
2565 15 1
2565 20 1
2565 2400 1
2565 2566 1
2566 15 1
2567 15 1
2567 20 1
2567 2314 1
2567 2316 1
2567 2400 1
2567 2568 1
2567 38 1
2568 15 1
2569 15 1
2569 20 1
2569 2314 1
2569 2316 1
2569 2400 1
2569 2570 1
2570 15 1
2571 15 1
2571 20 1
2571 2400 1
2571 645 1
257 2 1
2572 2400 1
2572 653 1
257 3 1
2573 15 1
2573 20 1
257 38 1
257 4 1
2574 15 1
2574 2400 1
2574 660 1
257 5 1
2575 15 1
2575 20 1
2575 2314 1
2575 2316 1
2575 2400 1
2575 2576 1
2575 38 1
2575 649 1
2576 15 1
257 656 1
2576 649 1
2577 15 1
2577 20 1
2577 2314 1
2577 2316 1
2577 2400 1
2577 2529 1
2577 38 1
257 78 1
2578 15 1
2578 20 1
2578 2314 1
2578 2316 1
2578 2400 1
2578 2579 1
2579 15 1
2580 15 1
2580 20 1
2580 2314 1
2580 2316 1
2580 2400 1
2580 2518 1
2580 38 1
2581 15 1
2581 20 1
2581 2116 1
2581 2314 1
2581 2316 1
2581 2400 1
2581 38 1
258 246 1
258 254 1
258 28 1
2583 15 1
2583 2316 1
2584 2448 1
2585 38 1
2585 40 1
2586 40 1
2587 2588 1
2587 38 1
2587 557 1
2589 1946 1
2590 2314 1
2590 2448 1
2590 2477 1
2590 38 1
2590 40 1
2591 2391 1
2591 2441 1
2591 2448 1
2591 28 1
2591 38 1
2591 40 1
2591 485 1
2591 557 1
2592 2391 1
2592 2448 1
2592 38 1
2592 40 1
259 246 1
2592 557 1
2593 38 1
2594 2314 1
2594 2477 1
2595 2366 1
2595 2596 1
2595 38 1
2596 15 1
2596 20 1
2596 2314 1
2596 649 1
2597 1077 1
2597 15 1
2597 2598 1
2597 593 1
2599 13 1
2600 593 1
2601 103 1
2601 1077 1
2601 1139 1
2601 128 1
2601 15 1
2601 1534 1
2601 53 1
2602 102 1
2602 15 1
2602 40 1
260 246 1
260 261 1
260 262 1
2603 15 1
2603 40 1
2604 15 1
2604 783 1
2605 2316 1
2606 1307 1
2606 15 1
2606 40 1
2606 47 1
2606 594 1
2607 15 1
2607 2314 1
2607 2316 1
2607 77 1
2608 2448 1
2608 28 1
2608 38 1
2608 69 1
2609 2448 1
2609 38 1
2611 2212 1
2611 2316 1
2612 1030 1
2612 1050 1
2612 1051 1
2612 15 1
2612 2050 1
2612 2463 1
2612 2613 1
2612 593 1
2613 15 1
2613 2316 1
2613 638 1
2614 1123 1
2614 15 1
2614 2492 1
2615 1123 1
2615 638 1
2616 28 1
2616 38 1
2617 20 1
2618 15 1
2618 20 1
2618 2365 1
2618 2366 1
2618 2367 1
2619 2314 1
2619 2316 1
2619 38 1
2620 2314 1
2620 2316 1
2620 38 1
2621 38 1
262 15 1
262 20 1
2622 2314 1
2622 2316 1
2622 2441 1
2622 38 1
2623 2314 1
2623 2316 1
2623 2476 1
2623 38 1
2624 38 1
2625 2314 1
2625 2316 1
2625 2461 1
2625 38 1
2626 2314 1
2626 2316 1
2626 2439 1
2626 38 1
2627 2314 1
2627 2316 1
2627 38 1
2628 2314 1
2628 2316 1
2628 38 1
2629 2314 1
2629 2316 1
2629 38 1
2630 2314 1
2630 2316 1
2630 38 1
2631 15 1
2631 2268 1
2631 2314 1
2631 2316 1
2631 2427 1
2631 38 1
2631 748 1
2632 2314 1
2632 2316 1
2632 2460 1
2632 38 1
263 251 1
263 252 1
2633 2314 1
2633 2316 1
2633 2461 1
2633 38 1
2634 15 1
2634 2314 1
2634 2316 1
2634 38 1
2635 15 1
2635 2316 1
2635 28 1
2636 2314 1
2636 2316 1
2636 38 1
2637 15 1
2637 2314 1
2637 2316 1
2637 38 1
2637 712 1
2637 748 1
2638 38 1
2639 102 1
2639 15 1
2639 2314 1
2639 2316 1
2639 38 1
2639 748 1
2640 2314 1
2640 2316 1
2640 2380 1
2640 38 1
2641 2314 1
2641 2316 1
2641 2443 1
2641 38 1
2642 1420 1
2642 2212 1
2642 2357 1
2642 2384 1
2642 2426 1
2642 2429 1
2642 2432 1
2642 2433 1
2642 2439 1
2642 2440 1
2642 2441 1
2642 2443 1
2642 2445 1
2642 2447 1
2642 2448 1
2642 2449 1
2642 2453 1
2642 2455 1
2642 2457 1
2642 2458 1
2642 2459 1
2642 2460 1
2642 2463 1
2642 2464 1
2642 2469 1
2642 2471 1
2642 2472 1
2642 2474 1
2642 2477 1
2642 2478 1
2642 4 1
264 246 1
2642 69 1
2643 20 1
2643 2365 1
2643 2366 1
2643 2367 1
2643 2418 1
2644 15 1
2645 15 1
2645 2314 1
2645 2316 1
2646 1168 1
2647 15 1
2647 20 1
2647 2365 1
2648 15 1
2648 20 1
2649 15 1
2649 20 1
2649 2316 1
2650 15 1
2650 28 1
2650 38 1
2651 28 1
2652 2212 1
2652 2316 1
265 246 1
2653 2448 1
2653 28 1
2653 38 1
2654 15 1
2654 20 1
2655 38 1
2656 15 1
2657 15 1
2657 1600 1
2658 15 1
2659 2314 1
2659 2316 1
2660 2521 1
2660 2527 1
2660 38 1
2660 40 1
2661 15 1
2662 1420 1
2662 1568 1
266 246 1
2663 15 1
2663 2395 1
2664 15 1
2664 2384 1
2665 15 1
2666 1568 1
2666 2440 1
2667 1568 1
2667 2439 1
2668 2496 1
2669 1568 1
2669 2478 1
2670 15 1
2670 2395 1
2671 15 1
2671 2489 1
2672 102 1
2672 15 1
2672 2395 1
2672 2485 1
2672 38 1
267 246 1
2673 15 1
2674 15 1
2674 1568 1
2674 2316 1
2674 2342 1
2674 2583 1
2675 2357 1
2676 2212 1
2676 2357 1
2677 15 1
2677 1568 1
2677 2580 1
2678 15 1
2678 1568 1
2678 2464 1
2678 2583 1
2679 1568 1
2680 15 1
2680 1568 1
2680 2429 1
2681 1568 1
2681 4 1
2682 15 1
2682 1568 1
2682 2384 1
268 246 1
2684 15 1
2684 1568 1
2684 2448 1
2684 2489 1
2685 15 1
2685 1568 1
2685 2441 1
2686 15 1
2687 15 1
2687 2489 1
2688 15 1
2689 1568 1
2690 1568 1
2690 2316 1
2690 2453 1
2691 1568 1
2692 1568 1
2692 2472 1
269 246 1
269 261 1
269 270 1
2693 1050 1
2693 15 1
2693 2050 1
2693 2485 1
2693 38 1
2693 593 1
2694 1568 1
2694 69 1
2695 15 1
2695 1568 1
2695 2459 1
2696 15 1
2696 1568 1
2696 2426 1
2697 15 1
2697 2489 1
2698 15 1
2698 2212 1
2698 2395 1
2698 594 1
2699 15 1
2699 1568 1
2699 2443 1
2700 15 1
2700 2489 1
2701 1568 1
2701 2445 1
270 15 1
270 20 1
2702 1568 1
2703 15 1
2703 2489 1
2704 1568 1
2704 2489 1
2705 102 1
2705 15 1
2705 1568 1
2705 2489 1
2706 15 1
2707 15 1
2707 77 1
2708 15 1
2708 1568 1
2708 2648 1
2709 15 1
2709 2648 1
2710 1568 1
2711 1568 1
2712 15 1
2712 1568 1
2712 2474 1
271 246 1
271 261 1
271 272 1
27 13 1
2713 15 1
2714 102 1
2714 15 1
27 15 1
2715 15 1
2715 1568 1
2715 2489 1
2716 15 1
2716 2395 1
2717 15 1
2717 1568 1
2717 2477 1
2718 15 1
2718 1568 1
2718 2457 1
2719 15 1
2719 2316 1
27 20 1
2720 1568 1
2720 2460 1
2721 1568 1
2721 2463 1
272 15 1
272 20 1
2722 15 1
2722 1568 1
2722 2447 1
2723 15 1
2723 2489 1
2724 15 1
2724 1568 1
2724 2458 1
2725 1568 1
2726 15 1
2727 15 1
27 28 1
2728 15 1
27 29 1
2729 15 1
2729 1568 1
27 30 1
2730 1568 1
27 31 1
2731 15 1
2731 2489 1
27 32 1
2732 15 1
2732 2489 1
273 246 1
27 33 1
2733 15 1
2733 1568 1
2733 2449 1
2733 2583 1
27 34 1
2734 15 1
27 35 1
2735 15 1
27 36 1
2736 15 1
2736 1568 1
27 37 1
2737 1568 1
2737 2469 1
27 38 1
2738 15 1
2738 1568 1
2738 2332 1
27 39 1
2739 15 1
2739 2489 1
27 40 1
2740 15 1
2740 1568 1
2740 2432 1
27 41 1
2741 1568 1
2741 2455 1
274 20 1
27 42 1
2742 15 1
2742 1568 1
2742 2399 1
2742 2489 1
2742 2649 1
274 246 1
2743 15 1
2743 2384 1
274 38 1
2744 15 1
2745 1568 1
2745 2471 1
2746 15 1
2747 15 1
2748 2749 1
2750 1568 1
2750 2433 1
2751 15 1
2752 15 1
275 246 1
2752 783 1
2753 15 1
2753 38 1
2753 828 1
2754 15 1
2754 38 1
2755 1139 1
2755 1248 1
2755 15 1
2755 20 1
2755 2314 1
2756 20 1
2756 2314 1
2757 102 1
2757 15 1
2757 2658 1
2757 38 1
2757 828 1
2759 20 1
2759 2314 1
2760 15 1
2760 28 1
2760 40 1
2760 510 1
2761 2758 1
2761 38 1
2762 15 1
2762 20 1
2762 2314 1
276 246 1
2763 20 1
2763 2314 1
2764 38 1
2765 20 1
2765 2314 1
2766 106 1
2766 15 1
2766 40 1
2766 599 1
2767 15 1
2767 38 1
2767 828 1
2768 38 1
2769 15 1
2769 20 1
2769 2770 1
2769 2771 1
2772 15 1
2772 2598 1
2772 38 1
277 246 1
2772 599 1
277 261 1
277 278 1
2773 15 1
2773 20 1
2773 2314 1
2773 783 1
2774 1553 1
2775 20 1
2775 2314 1
2776 15 1
2777 15 1
2777 20 1
2778 102 1
2778 15 1
2778 2417 1
2778 28 1
2778 38 1
2779 15 1
2779 2770 1
2780 15 1
2780 1534 1
2780 20 1
2780 2314 1
2781 2496 1
278 15 1
278 20 1
2782 15 1
2782 20 1
2782 2314 1
2783 15 1
2783 20 1
2783 2314 1
2783 539 1
2784 2417 1
278 520 1
2785 2758 1
2785 38 1
2786 15 1
2787 15 1
2788 15 1
2788 1568 1
2789 1568 1
2790 15 1
2790 1568 1
2791 15 1
2792 15 1
2792 1568 1
279 246 1
2793 1568 1
2794 15 1
2794 1568 1
2795 15 1
2795 1568 1
2796 38 1
2797 15 1
2798 1568 1
2799 1568 1
2800 1568 1
2800 2758 1
2801 1568 1
2802 15 1
2802 1568 1
280 246 1
280 28 1
280 281 1
2803 1568 1
2804 1568 1
2805 15 1
2805 1568 1
2806 1568 1
2807 15 1
2807 1568 1
2808 15 1
2808 1568 1
2809 15 1
2809 2316 1
2809 2417 1
2809 38 1
2810 1051 1
2810 1146 1
2810 15 1
2810 2492 1
2810 40 1
2810 539 1
2810 599 1
2811 20 1
2811 2314 1
2811 2399 1
281 15 1
2812 20 1
2812 2314 1
2812 2399 1
281 2314 1
281 2316 1
2813 20 1
2813 2314 1
2813 2399 1
2814 20 1
2814 2314 1
2814 2399 1
2815 15 1
2816 20 1
2816 2314 1
2816 2399 1
2817 20 1
2817 2314 1
2817 2399 1
2818 15 1
2818 20 1
2819 15 1
2819 20 1
2819 2314 1
2819 649 1
2820 20 1
2820 2314 1
2821 20 1
2821 2314 1
2822 15 1
282 246 1
282 28 1
282 281 1
2823 20 1
2823 2314 1
2824 20 1
2824 2314 1
2825 1050 1
2825 110 1
2825 15 1
2825 593 1
2826 15 1
2826 2482 1
2827 15 1
2827 40 1
2828 38 1
2829 15 1
2829 2492 1
2830 15 1
2830 2831 1
2830 38 1
2830 47 1
2831 15 1
2831 2239 1
2831 2839 1
2831 38 1
2831 40 1
2832 15 1
283 246 1
2833 111 1
2833 15 1
2833 2492 1
2834 1147 1
2834 1148 1
2834 1357 1
2835 1153 1
2835 15 1
2836 15 1
2836 38 1
2837 1153 1
2837 15 1
2837 2492 1
2838 15 1
2840 15 1
2840 40 1
2841 15 1
2841 40 1
2842 2843 1
2842 38 1
2842 40 1
284 246 1
284 261 1
284 285 1
2844 15 1
2844 20 1
2844 40 1
2845 15 1
2845 2846 1
2847 15 1
2848 15 1
2848 2492 1
2848 38 1
2848 40 1
2848 47 1
2849 1050 1
2849 106 1
2849 20 1
2849 2492 1
2849 38 1
2850 102 1
2850 20 1
2850 2492 1
2850 28 1
2850 38 1
2851 38 1
285 15 1
285 18 1
2852 20 1
2853 15 1
2853 2331 1
2854 15 1
2855 15 1
2855 2540 1
2855 2856 1
2855 40 1
2857 15 1
2857 2778 1
2857 38 1
2857 40 1
2858 2753 1
2858 38 1
2859 15 1
2859 20 1
2860 102 1
2860 15 1
2860 2399 1
2860 38 1
2861 15 1
2861 40 1
2862 15 1
286 246 1
286 261 1
2863 15 1
2864 2822 1
2865 20 1
2866 15 1
2866 2540 1
287 28 1
288 15 1
288 28 1
289 15 1
289 28 1
290 15 1
290 28 1
291 15 1
291 28 1
292 252 1
293 246 1
294 246 1
294 261 1
294 295 1
295 15 1
295 20 1
296 246 1
297 20 1
298 20 1
299 20 1
300 246 1
300 261 1
300 301 1
301 15 1
301 20 1
302 246 1
303 246 1
304 246 1
304 261 1
304 305 1
305 15 1
305 20 1
306 143 1
306 151 1
306 183 1
307 13 1
307 143 1
307 148 1
307 151 1
307 183 1
307 20 1
307 38 1
307 78 1
308 20 1
309 15 1
309 20 1
309 310 1
309 311 1
309 312 1
313 13 1
313 151 1
313 156 1
313 20 1
313 314 1
313 315 1
313 316 1
313 38 1
317 102 1
317 315 1
317 318 1
317 319 1
319 20 1
319 784 1
320 13 1
320 150 1
320 151 1
320 152 1
320 156 1
320 315 1
320 316 1
320 321 1
320 322 1
320 323 1
320 324 1
320 325 1
320 326 1
320 327 1
322 78 1
323 20 1
323 784 1
324 20 1
325 148 1
325 151 1
325 338 1
325 783 1
328 329 1
329 20 1
329 38 1
329 485 1
329 78 1
329 785 1
330 15 1
330 20 1
330 315 1
330 38 1
331 315 1
331 38 1
332 156 1
332 20 1
332 314 1
332 315 1
332 316 1
332 333 1
334 314 1
334 321 1
334 335 1
336 13 1
336 142 1
336 148 1
336 151 1
336 20 1
336 214 1
336 315 1
336 32 1
336 337 1
336 338 1
336 38 1
336 78 1
338 15 1
338 2314 1
338 2316 1
339 152 1
339 20 1
339 229 1
339 315 1
339 340 1
339 341 1
339 78 1
340 20 1
340 2316 1
341 15 1
341 16 1
341 17 1
341 18 1
341 20 1
341 2 1
341 28 1
341 3 1
341 38 1
341 4 1
341 5 1
341 591 1
341 596 1
341 7 1
341 9 1
342 13 1
342 142 1
342 149 1
342 151 1
342 183 1
342 20 1
342 217 1
342 235 1
342 343 1
342 38 1
344 315 1
344 316 1
344 322 1
345 20 1
345 230 1
345 315 1
345 340 1
345 346 1
345 78 1
346 148 1
346 175 1
346 20 1
346 3 1
346 32 1
346 403 1
347 20 1
347 340 1
347 348 1
347 78 1
349 151 1
349 20 1
349 234 1
349 28 1
349 340 1
349 350 1
349 38 1
349 78 1
351 152 1
351 20 1
351 230 1
351 315 1
351 340 1
351 346 1
351 78 1
352 151 1
352 153 1
352 20 1
352 217 1
352 233 1
352 315 1
352 340 1
352 353 1
352 354 1
352 78 1
352 85 1
354 144 1
354 151 1
354 156 1
354 28 1
354 315 1
354 38 1
354 396 1
354 60 1
355 20 1
355 356 1
355 76 1
357 156 1
357 20 1
357 207 1
357 226 1
357 315 1
357 340 1
357 78 1
358 20 1
358 356 1
358 359 1
359 15 1
359 17 1
359 2 1
359 3 1
359 310 1
359 311 1
359 37 1
359 4 1
359 5 1
359 60 1
359 631 1
359 632 1
359 636 1
359 637 1
359 638 1
360 20 1
360 230 1
360 76 1
361 144 1
361 151 1
361 156 1
361 20 1
361 261 1
361 28 1
361 362 1
361 38 1
364 15 1
364 20 1
364 28 1
364 38 1
367 20 1
367 328 1
367 368 1
368 20 1
369 20 1
369 328 1
369 370 1
370 20 1
371 20 1
371 207 1
371 223 1
371 340 1
371 363 1
371 78 1
372 148 1
372 156 1
372 164 1
372 20 1
372 218 1
372 221 1
372 315 1
372 340 1
372 373 1
372 78 1
373 151 1
373 156 1
373 315 1
373 38 1
373 396 1
373 60 1
375 183 1
375 315 1
375 354 1
375 363 1
375 365 1
375 366 1
375 376 1
375 377 1
378 13 1
378 142 1
378 150 1
379 156 1
379 20 1
379 380 1
381 20 1
381 230 1
382 15 1
382 20 1
382 28 1
382 383 1
382 384 1
382 385 1
382 386 1
382 387 1
384 152 1
384 315 1
384 340 1
384 385 1
384 567 1
384 78 1
385 15 1
385 2314 1
385 2316 1
386 395 1
388 15 1
390 144 1
390 391 1
392 78 1
393 148 1
393 150 1
393 15 1
393 175 1
393 3 1
393 394 1
395 15 1
395 156 1
397 20 1
398 143 1
399 348 1
399 391 1
401 156 1
401 20 1
401 314 1
402 156 1
403 3 1
403 60 1
404 151 1
404 20 1
404 405 1
404 406 1
404 407 1
404 85 1
406 1077 1
406 1123 1
406 15 1
406 2314 1
406 2324 1
406 2337 1
406 2356 1
406 2365 1
406 2369 1
406 2383 1
406 2384 1
406 2405 1
406 2409 1
406 2410 1
406 2411 1
406 2519 1
406 2520 1
406 2521 1
406 28 1
406 38 1
406 593 1
406 748 1
406 791 1
407 15 1
408 11 1
408 148 1
408 183 1
409 151 1
409 183 1
409 315 1
409 316 1
409 348 1
410 156 1
410 20 1
410 315 1
410 411 1
412 310 1
412 396 1
412 413 1
413 15 1
414 144 1
414 148 1
415 156 1
415 20 1
415 416 1
417 151 1
417 38 1
417 405 1
417 418 1
419 142 1
419 156 1
419 377 1
419 396 1
419 420 1
421 144 1
421 148 1
421 183 1
421 85 1
422 171 1
422 173 1
422 20 1
422 315 1
422 377 1
422 38 1
422 400 1
422 411 1
422 423 1
422 424 1
425 183 1
426 12 1
426 13 1
426 142 1
426 148 1
426 15 1
426 151 1
426 167 1
426 175 1
426 200 1
426 24 1
426 3 1
426 405 1
426 416 1
426 423 1
426 427 1
426 428 1
426 429 1
426 430 1
426 431 1
426 432 1
426 85 1
43 15 1
43 20 1
432 15 1
432 20 1
432 2314 1
432 2316 1
432 783 1
433 142 1
433 144 1
433 183 1
434 156 1
435 416 1
435 60 1
436 38 1
436 405 1
436 437 1
436 85 1
438 183 1
438 439 1
440 156 1
441 165 1
441 405 1
441 418 1
44 15 1
44 16 1
44 20 1
442 13 1
442 148 1
442 15 1
442 151 1
442 183 1
442 200 1
442 327 1
442 423 1
442 443 1
44 3 1
44 4 1
444 150 1
444 156 1
44 42 1
444 28 1
444 38 1
444 416 1
444 445 1
44 45 1
444 60 1
44 46 1
44 47 1
446 144 1
446 396 1
446 428 1
446 447 1
448 15 1
448 60 1
44 9 1
449 13 1
449 151 1
449 38 1
450 13 1
450 156 1
450 261 1
450 28 1
450 364 1
450 376 1
450 38 1
450 428 1
450 451 1
452 28 1
452 38 1
453 246 1
453 261 1
453 28 1
453 3 1
453 310 1
453 32 1
453 329 1
453 335 1
453 377 1
453 38 1
453 454 1
453 455 1
453 456 1
453 457 1
453 458 1
453 459 1
453 460 1
453 461 1
453 5 1
453 6 1
462 28 1
462 3 1
462 315 1
462 364 1
462 38 1
462 455 1
462 463 1
462 464 1
462 465 1
462 466 1
462 467 1
462 468 1
462 469 1
470 144 1
471 20 1
472 473 1
472 474 1
472 475 1
472 476 1
477 478 1
479 104 1
479 135 1
479 15 1
479 20 1
479 301 1
479 305 1
479 315 1
479 343 1
479 38 1
479 480 1
479 481 1
479 482 1
479 483 1
479 484 1
479 485 1
479 486 1
479 487 1
479 78 1
479 86 1
480 102 1
480 15 1
480 20 1
480 323 1
481 15 1
481 494 1
481 508 1
48 15 1
48 16 1
48 17 1
482 123 1
482 15 1
482 20 1
482 329 1
482 38 1
48 3 1
484 18 1
484 20 1
484 3 1
484 499 1
484 6 1
484 7 1
48 49 1
48 5 1
485 15 1
485 2316 1
485 2371 1
485 2588 1
485 38 1
486 15 1
486 2314 1
486 2316 1
487 15 1
487 2314 1
487 2316 1
487 2365 1
487 2367 1
487 2543 1
487 38 1
488 109 1
488 20 1
488 38 1
488 427 1
488 489 1
488 490 1
491 109 1
491 20 1
491 492 1
493 15 1
493 494 1
495 20 1
496 497 1
498 497 1
500 497 1
501 476 1
50 15 1
50 16 1
50 17 1
502 15 1
502 20 1
502 315 1
50 28 1
50 3 1
503 476 1
50 38 1
504 15 1
504 20 1
504 362 1
50 49 1
50 5 1
50 51 1
505 15 1
50 52 1
50 53 1
505 497 1
506 497 1
50 7 1
507 102 1
507 15 1
507 20 1
507 315 1
507 364 1
507 38 1
50 9 1
509 15 1
509 20 1
509 510 1
511 15 1
511 494 1
51 15 1
51 20 1
512 15 1
512 476 1
512 513 1
513 2401 1
514 20 1
515 364 1
515 38 1
515 78 1
516 102 1
516 15 1
516 476 1
516 517 1
516 518 1
519 15 1
519 476 1
521 15 1
521 42 1
521 497 1
52 15 1
522 15 1
522 20 1
523 109 1
523 20 1
524 109 1
524 20 1
525 406 1
525 526 1
525 78 1
527 11 1
527 166 1
527 170 1
527 17 1
527 20 1
527 3 1
527 447 1
527 528 1
527 60 1
529 38 1
530 20 1
530 2 1
530 3 1
530 4 1
530 5 1
530 6 1
530 7 1
530 9 1
531 100 1
531 3 1
531 32 1
531 38 1
531 4 1
531 532 1
531 533 1
531 7 1
531 85 1
534 13 1
534 3 1
535 100 1
535 11 1
535 15 1
535 3 1
535 38 1
535 60 1
535 85 1
536 15 1
536 16 1
536 20 1
536 209 1
536 2 1
536 3 1
536 4 1
536 49 1
536 85 1
536 94 1
537 13 1
537 3 1
538 113 1
538 15 1
538 3 1
538 539 1
540 11 1
540 15 1
540 170 1
540 20 1
540 3 1
540 447 1
540 60 1
540 9 1
541 11 1
541 15 1
541 166 1
541 170 1
541 17 1
541 20 1
541 3 1
541 447 1
54 15 1
541 60 1
542 15 1
54 3 1
543 100 1
543 11 1
543 15 1
543 3 1
543 32 1
543 38 1
543 4 1
543 532 1
543 533 1
543 60 1
543 7 1
543 85 1
544 13 1
544 3 1
545 3 1
546 20 1
546 3 1
546 7 1
547 113 1
547 170 1
547 3 1
548 100 1
548 15 1
548 17 1
548 3 1
548 38 1
548 549 1
548 67 1
548 85 1
550 3 1
551 67 1
55 17 1
552 67 1
55 3 1
553 67 1
554 20 1
55 5 1
555 20 1
55 56 1
55 57 1
55 58 1
55 59 1
55 60 1
55 6 1
556 20 1
556 557 1
55 7 1
557 15 1
557 2314 1
557 2316 1
558 156 1
558 20 1
558 261 1
558 362 1
558 38 1
558 51 1
558 559 1
558 78 1
559 15 1
559 2314 1
559 2316 1
559 2545 1
560 20 1
560 34 1
560 561 1
562 20 1
562 36 1
562 494 1
562 563 1
564 102 1
564 15 1
564 565 1
564 566 1
568 144 1
568 20 1
568 385 1
568 4 1
568 569 1
570 102 1
570 15 1
570 20 1
571 20 1
572 38 1
572 573 1
572 574 1
572 575 1
572 576 1
577 1 1
578 341 1
578 38 1
579 1 1
580 388 1
581 380 1
581 38 1
582 20 1
582 36 1
582 392 1
582 396 1
582 583 1
582 584 1
582 585 1
586 380 1
586 38 1
587 15 1
587 20 1
588 13 1
588 151 1
588 589 1
588 590 1
591 140 1
591 15 1
591 17 1
591 209 1
591 589 1
591 592 1
591 593 1
591 594 1
591 595 1
591 71 1
596 110 1
596 15 1
596 406 1
597 15 1
598 15 1
598 38 1
598 599 1
598 600 1
598 601 1
600 15 1
600 599 1
602 15 1
602 170 1
602 2 1
602 248 1
602 28 1
602 3 1
602 38 1
602 4 1
602 47 1
602 603 1
602 604 1
602 6 1
602 78 1
602 95 1
604 15 1
604 2357 1
605 15 1
605 606 1
605 607 1
605 608 1
609 341 1
609 359 1
609 76 1
609 78 1
611 125 1
611 15 1
611 17 1
611 3 1
61 15 1
611 6 1
611 7 1
61 20 1
61 2 1
612 102 1
612 15 1
612 38 1
61 3 1
613 102 1
613 12 1
613 15 1
613 167 1
613 17 1
613 28 1
613 3 1
613 4 1
613 47 1
613 5 1
613 591 1
613 6 1
613 7 1
614 20 1
614 3 1
614 4 1
614 5 1
61 5 1
615 16 1
615 17 1
615 18 1
615 3 1
615 5 1
615 6 1
615 616 1
615 7 1
615 9 1
616 15 1
61 62 1
616 2212 1
61 7 1
617 15 1
617 16 1
617 17 1
617 18 1
617 3 1
617 4 1
617 46 1
617 47 1
617 5 1
617 6 1
617 618 1
617 7 1
617 9 1
619 20 1
619 78 1
620 20 1
620 341 1
620 78 1
621 1 1
621 20 1
621 78 1
622 20 1
622 78 1
623 15 1
623 20 1
623 78 1
624 15 1
624 20 1
624 78 1
625 15 1
625 78 1
626 125 1
626 13 1
626 15 1
626 17 1
626 20 1
626 2 1
626 3 1
626 32 1
626 37 1
626 4 1
626 42 1
626 5 1
626 56 1
626 60 1
626 627 1
626 628 1
626 629 1
626 630 1
626 631 1
626 632 1
626 633 1
626 634 1
626 635 1
626 70 1
626 7 1
63 20 1
63 38 1
636 15 1
636 2314 1
636 2316 1
639 15 1
639 17 1
639 631 1
639 632 1
640 15 1
640 17 1
640 38 1
640 631 1
640 632 1
64 20 1
644 15 1
644 209 1
645 15 1
646 15 1
646 16 1
646 17 1
646 18 1
646 20 1
646 2 1
646 3 1
646 38 1
646 406 1
646 4 1
646 47 1
646 49 1
646 5 1
646 56 1
646 60 1
646 628 1
646 629 1
646 647 1
646 648 1
646 649 1
646 650 1
646 651 1
646 652 1
646 653 1
646 69 1
646 7 1
646 75 1
646 9 1
65 12 1
65 20 1
65 3 1
653 15 1
653 2366 1
653 2565 1
653 2577 1
654 10 1
654 102 1
654 103 1
654 128 1
654 15 1
654 16 1
654 17 1
654 20 1
65 42 1
654 2 1
654 21 1
654 3 1
654 362 1
654 38 1
654 391 1
654 4 1
654 42 1
654 49 1
654 50 1
654 5 1
654 51 1
654 53 1
654 56 1
654 60 1
654 6 1
654 628 1
654 629 1
654 647 1
654 648 1
654 655 1
654 67 1
654 69 1
654 7 1
654 75 1
654 9 1
65 5 1
655 15 1
655 20 1
655 2400 1
655 2551 1
65 56 1
65 6 1
65 66 1
65 67 1
65 68 1
65 69 1
65 70 1
65 7 1
657 10 1
657 103 1
65 71 1
657 128 1
657 15 1
657 16 1
657 170 1
657 17 1
657 20 1
65 72 1
657 2 1
657 21 1
657 3 1
657 362 1
657 38 1
657 391 1
657 4 1
657 42 1
657 49 1
657 5 1
657 53 1
657 56 1
657 60 1
657 6 1
657 628 1
657 629 1
657 647 1
657 648 1
657 658 1
657 67 1
657 69 1
657 7 1
657 9 1
658 15 1
658 2314 1
658 2316 1
660 15 1
660 2367 1
660 2514 1
660 2515 1
660 2516 1
661 101 1
661 112 1
661 124 1
661 15 1
661 3 1
662 15 1
662 2 1
663 15 1
663 2 1
663 28 1
663 3 1
663 32 1
663 38 1
663 4 1
663 490 1
663 5 1
663 6 1
664 15 1
664 20 1
664 28 1
664 38 1
664 40 1
664 406 1
664 63 1
666 20 1
666 479 1
666 667 1
666 668 1
666 669 1
666 670 1
666 671 1
666 672 1
666 673 1
666 674 1
666 675 1
666 676 1
666 677 1
666 678 1
666 679 1
666 680 1
666 681 1
666 682 1
666 683 1
666 684 1
666 685 1
666 686 1
666 687 1
666 688 1
666 689 1
666 690 1
666 691 1
666 692 1
666 693 1
666 694 1
666 695 1
666 696 1
666 697 1
666 698 1
666 699 1
666 700 1
701 15 1
701 20 1
701 28 1
701 338 1
701 38 1
702 15 1
702 20 1
702 28 1
702 338 1
702 38 1
703 15 1
703 20 1
703 28 1
703 338 1
703 340 1
703 38 1
704 15 1
704 38 1
704 98 1
705 15 1
705 20 1
705 594 1
706 310 1
706 497 1
707 246 1
707 38 1
708 102 1
708 15 1
708 246 1
708 315 1
709 246 1
709 76 1
710 15 1
710 246 1
711 712 1
712 15 1
712 2314 1
712 2316 1
712 748 1
713 416 1
714 261 1
714 466 1
714 520 1
714 715 1
716 110 1
716 111 1
716 15 1
716 47 1
716 499 1
716 615 1
716 616 1
717 16 1
717 17 1
717 18 1
717 3 1
717 5 1
717 6 1
717 7 1
717 9 1
718 246 1
718 261 1
718 311 1
719 15 1
720 20 1
721 246 1
721 292 1
72 137 1
721 38 1
72 15 1
72 16 1
72 170 1
72 17 1
722 246 1
722 263 1
722 38 1
72 3 1
723 20 1
72 4 1
724 261 1
724 466 1
724 472 1
724 473 1
724 474 1
724 513 1
724 715 1
72 49 1
72 5 1
725 466 1
72 6 1
72 641 1
72 645 1
726 466 1
72 7 1
727 246 1
727 38 1
72 78 1
728 15 1
728 20 1
728 38 1
728 400 1
728 40 1
728 594 1
728 729 1
728 730 1
728 731 1
72 9 1
73 15 1
73 16 1
73 17 1
73 20 1
732 385 1
73 3 1
733 144 1
733 348 1
733 385 1
734 209 1
734 385 1
73 49 1
73 5 1
735 385 1
736 28 1
736 3 1
736 340 1
73 7 1
737 15 1
738 20 1
73 9 1
739 15 1
739 3 1
739 740 1
739 741 1
74 16 1
74 17 1
742 15 1
742 20 1
74 3 1
743 15 1
743 17 1
743 18 1
743 21 1
743 28 1
743 3 1
743 4 1
743 5 1
743 601 1
743 6 1
743 7 1
743 740 1
743 741 1
74 38 1
744 3 1
744 5 1
744 6 1
744 741 1
744 745 1
744 85 1
74 49 1
74 5 1
74 6 1
746 747 1
746 748 1
74 7 1
74 75 1
74 76 1
74 77 1
74 78 1
74 9 1
749 10 1
749 15 1
749 17 1
749 3 1
749 4 1
749 5 1
749 6 1
749 7 1
749 740 1
749 741 1
749 750 1
749 9 1
751 10 1
751 3 1
751 391 1
751 394 1
751 5 1
751 56 1
751 6 1
751 67 1
751 69 1
752 109 1
752 20 1
752 40 1
752 741 1
753 15 1
753 406 1
753 754 1
754 1420 1
754 15 1
754 2314 1
754 2316 1
754 2342 1
754 2384 1
754 2426 1
754 2429 1
754 2432 1
754 2433 1
754 2439 1
754 2440 1
754 2441 1
754 2443 1
754 2445 1
754 2447 1
754 2448 1
754 2449 1
754 2453 1
754 2455 1
754 2457 1
754 2458 1
754 2459 1
754 2460 1
754 2463 1
754 2464 1
754 2469 1
754 2471 1
754 2474 1
754 2477 1
754 4 1
754 69 1
755 15 1
755 406 1
756 15 1
756 406 1
757 15 1
757 3 1
757 406 1
758 20 1
758 310 1
758 517 1
758 518 1
758 759 1
760 15 1
760 3 1
760 406 1
760 610 1
761 15 1
761 183 1
762 246 1
763 20 1
763 38 1
763 395 1
763 494 1
763 764 1
764 20 1
765 20 1
765 406 1
765 763 1
765 766 1
765 767 1
768 36 1
768 396 1
769 310 1
769 396 1
769 770 1
771 156 1
771 20 1
77 15 1
77 20 1
772 20 1
77 2314 1
77 2316 1
772 340 1
77 2399 1
77 2539 1
77 2540 1
772 761 1
772 773 1
772 78 1
77 38 1
774 142 1
774 148 1
774 151 1
774 153 1
774 20 1
774 233 1
774 340 1
774 764 1
774 78 1
775 741 1
775 776 1
777 729 1
777 778 1
779 15 1
780 364 1
780 38 1
781 20 1
781 28 1
781 38 1
78 15 1
78 1534 1
78 20 1
782 102 1
782 15 1
78 2314 1
78 2316 1
78 2330 1
78 2339 1
78 2340 1
78 2341 1
78 2352 1
78 2365 1
78 2367 1
78 2371 1
78 2381 1
78 2557 1
78 28 1
783 1247 1
783 15 1
783 20 1
78 38 1
78 40 1
785 15 1
78 526 1
786 20 1
786 787 1
78 77 1
78 784 1
788 15 1
789 15 1
789 599 1
790 15 1
790 20 1
790 406 1
790 593 1
790 780 1
790 791 1
790 792 1
791 2314 1
79 20 1
793 13 1
793 148 1
793 151 1
793 783 1
794 13 1
794 142 1
794 15 1
794 78 1
794 783 1
795 15 1
795 20 1
795 38 1
795 485 1
796 281 1
796 783 1
796 797 1
798 20 1
798 350 1
798 38 1
798 797 1
798 799 1
798 86 1
799 2314 1
799 2316 1
800 254 1
800 783 1
800 797 1
801 13 1
801 148 1
801 151 1
80 17 1
80 20 1
802 148 1
80 3 1
803 28 1
803 38 1
803 797 1
803 804 1
80 42 1
804 2314 1
804 2316 1
80 5 1
805 102 1
805 148 1
805 20 1
805 254 1
805 28 1
805 338 1
805 38 1
80 56 1
805 797 1
80 6 1
806 20 1
80 67 1
80 68 1
80 69 1
80 70 1
80 7 1
80 71 1
807 15 1
807 20 1
807 254 1
807 28 1
807 38 1
807 490 1
807 557 1
80 81 1
808 148 1
808 15 1
80 82 1
808 797 1
808 809 1
809 15 1
809 2314 1
809 2316 1
809 638 1
8 10 1
810 20 1
810 28 1
810 792 1
810 797 1
810 811 1
810 812 1
810 813 1
8 11 1
811 338 1
8 12 1
812 142 1
812 148 1
812 15 1
812 406 1
812 78 1
8 13 1
813 20 1
813 38 1
813 405 1
813 406 1
813 85 1
814 338 1
814 797 1
815 485 1
816 15 1
816 559 1
817 20 1
817 406 1
818 20 1
818 38 1
818 406 1
819 15 1
819 20 1
820 20 1
821 15 1
82 12 1
82 136 1
82 137 1
82 15 1
82 16 1
82 170 1
82 17 1
822 20 1
822 321 1
822 322 1
822 329 1
822 38 1
82 26 1
822 78 1
82 3 1
823 20 1
82 4 1
824 13 1
82 49 1
82 5 1
825 15 1
825 209 1
825 38 1
825 406 1
825 594 1
82 6 1
826 102 1
826 15 1
826 20 1
826 28 1
826 31 1
826 338 1
826 38 1
826 40 1
82 641 1
826 485 1
82 659 1
82 660 1
826 604 1
826 78 1
826 783 1
826 827 1
826 828 1
826 86 1
82 7 1
82 78 1
82 9 1
829 827 1
830 13 1
830 15 1
830 20 1
830 78 1
830 783 1
8 3 1
83 15 1
831 731 1
831 832 1
83 20 1
832 15 1
832 38 1
832 40 1
832 731 1
832 840 1
833 106 1
833 110 1
833 111 1
833 15 1
833 38 1
833 40 1
833 47 1
833 594 1
833 652 1
833 731 1
833 834 1
833 835 1
833 836 1
833 837 1
833 838 1
833 839 1
833 840 1
841 102 1
841 106 1
841 110 1
841 15 1
841 38 1
841 47 1
84 15 1
841 649 1
841 731 1
841 842 1
841 843 1
84 20 1
84 21 1
84 3 1
844 15 1
844 729 1
844 778 1
84 5 1
845 110 1
845 111 1
845 15 1
845 38 1
845 47 1
845 731 1
845 832 1
845 835 1
845 840 1
845 842 1
845 846 1
845 847 1
845 848 1
845 849 1
84 85 1
84 86 1
850 15 1
850 842 1
850 851 1
852 125 1
852 15 1
852 17 1
852 20 1
852 3 1
852 38 1
852 40 1
852 4 1
852 5 1
852 6 1
852 7 1
852 840 1
852 842 1
852 843 1
852 851 1
852 853 1
852 854 1
852 855 1
856 310 1
856 497 1
856 857 1
856 858 1
856 859 1
856 860 1
857 561 1
861 20 1
861 561 1
862 13 1
862 20 1
862 30 1
862 3 1
862 32 1
862 340 1
862 38 1
862 40 1
862 494 1
862 513 1
862 525 1
862 766 1
862 78 1
862 863 1
862 864 1
862 865 1
866 261 1
866 3 1
866 364 1
866 38 1
866 42 1
866 627 1
866 867 1
866 868 1
869 102 1
869 246 1
869 377 1
869 870 1
869 871 1
869 872 1
8 7 1
87 20 1
873 15 1
873 729 1
874 20 1
875 12 1
875 15 1
875 167 1
875 2 1
875 3 1
875 499 1
875 876 1
875 877 1
878 15 1
878 18 1
878 261 1
878 40 1
878 466 1
878 47 1
878 715 1
878 879 1
880 520 1
880 715 1
88 15 1
881 520 1
88 16 1
88 17 1
881 715 1
882 520 1
882 715 1
88 3 1
883 12 1
883 15 1
883 167 1
883 3 1
884 111 1
884 12 1
884 15 1
884 167 1
884 181 1
884 3 1
884 47 1
884 835 1
884 885 1
88 49 1
88 5 1
886 110 1
886 111 1
886 15 1
886 181 1
886 47 1
886 615 1
886 741 1
886 776 1
886 885 1
886 887 1
886 888 1
88 9 1
889 111 1
889 15 1
889 181 1
889 47 1
889 615 1
889 741 1
889 776 1
889 885 1
890 15 1
890 310 1
890 311 1
890 715 1
890 878 1
890 880 1
890 881 1
890 882 1
890 891 1
890 892 1
890 893 1
890 894 1
8 9 1
89 15 1
89 20 1
89 3 1
895 20 1
895 377 1
895 884 1
896 897 1
898 899 1
900 901 1
90 20 1
902 28 1
902 38 1
902 604 1
903 20 1
903 377 1
904 181 1
904 835 1
904 885 1
905 20 1
905 377 1
906 615 1
906 616 1
906 907 1
908 15 1
908 181 1
908 3 1
908 840 1
908 909 1
908 910 1
908 911 1
908 912 1
908 913 1
91 15 1
91 2 1
91 3 1
914 15 1
914 3 1
914 46 1
91 5 1
915 181 1
915 615 1
915 741 1
915 776 1
915 885 1
916 2 1
916 917 1
91 7 1
918 12 1
918 15 1
918 167 1
918 3 1
918 499 1
918 6 1
918 907 1
919 12 1
919 15 1
91 92 1
919 3 1
919 4 1
919 5 1
919 6 1
919 835 1
919 9 1
920 12 1
920 15 1
920 38 1
920 4 1
920 42 1
920 494 1
920 5 1
920 6 1
920 70 1
920 9 1
920 921 1
920 922 1
92 15 1
92 20 1
92 2 1
92 3 1
923 109 1
923 20 1
923 38 1
924 110 1
924 15 1
924 181 1
924 20 1
924 38 1
924 492 1
924 615 1
924 741 1
924 776 1
924 835 1
924 885 1
924 887 1
924 888 1
925 729 1
925 778 1
92 6 1
92 610 1
926 901 1
927 12 1
927 13 1
927 5 1
927 6 1
927 928 1
928 1040 1
928 1041 1
928 12 1
928 13 1
928 167 1
928 17 1
928 20 1
928 3 1
928 4 1
928 5 1
928 6 1
928 7 1
928 747 1
928 995 1
92 91 1
929 930 1
929 931 1
931 12 1
931 167 1
931 20 1
931 3 1
931 747 1
932 12 1
932 13 1
932 17 1
932 21 1
932 4 1
932 49 1
932 5 1
932 6 1
932 7 1
932 928 1
932 933 1
932 934 1
932 935 1
93 3 1
933 1029 1
933 1036 1
933 1037 1
933 11 1
933 12 1
933 13 1
933 167 1
933 17 1
933 174 1
933 2 1
933 24 1
933 3 1
933 32 1
933 4 1
933 5 1
933 528 1
933 60 1
933 6 1
933 7 1
933 747 1
933 995 1
934 12 1
934 13 1
934 15 1
934 167 1
934 17 1
934 3 1
934 5 1
934 6 1
934 649 1
934 7 1
934 747 1
934 995 1
935 1034 1
935 15 1
935 16 1
935 17 1
935 18 1
935 2 1
935 28 1
935 3 1
935 40 1
935 4 1
935 5 1
935 6 1
935 7 1
935 9 1
936 930 1
936 931 1
936 937 1
937 1012 1
937 11 1
937 12 1
937 15 1
937 16 1
937 17 1
937 20 1
937 3 1
937 35 1
937 4 1
937 5 1
937 60 1
937 6 1
937 7 1
937 766 1
937 9 1
937 987 1
938 930 1
938 931 1
938 937 1
939 20 1
939 3 1
93 94 1
939 4 1
939 5 1
939 6 1
939 937 1
939 940 1
941 930 1
941 931 1
941 937 1
942 12 1
942 15 1
942 17 1
942 21 1
942 3 1
942 4 1
942 5 1
942 6 1
942 7 1
942 928 1
942 934 1
942 943 1
942 944 1
942 945 1
942 946 1
943 11 1
943 12 1
943 15 1
943 16 1
943 167 1
943 3 1
943 60 1
943 747 1
943 9 1
944 1031 1
944 12 1
944 167 1
944 17 1
944 20 1
944 3 1
944 4 1
944 5 1
944 6 1
944 747 1
944 995 1
947 930 1
947 931 1
947 937 1
948 931 1
948 937 1
948 949 1
950 12 1
950 17 1
950 21 1
950 3 1
950 4 1
950 49 1
950 5 1
950 6 1
950 7 1
950 928 1
950 933 1
950 934 1
950 943 1
951 12 1
951 13 1
951 17 1
951 4 1
951 49 1
95 15 1
951 5 1
95 16 1
951 6 1
951 933 1
952 930 1
952 931 1
952 937 1
95 3 1
953 930 1
953 931 1
953 937 1
95 4 1
954 15 1
954 165 1
954 24 1
954 3 1
954 4 1
954 5 1
954 6 1
954 747 1
954 828 1
954 955 1
954 956 1
954 957 1
954 958 1
954 959 1
954 960 1
95 75 1
95 9 1
961 12 1
961 15 1
961 17 1
961 3 1
961 4 1
961 49 1
96 15 1
961 5 1
961 6 1
961 943 1
961 962 1
961 963 1
96 20 1
962 12 1
962 15 1
962 167 1
962 17 1
962 5 1
962 6 1
962 7 1
962 747 1
963 21 1
963 3 1
963 5 1
963 6 1
964 20 1
964 3 1
964 400 1
964 4 1
964 49 1
964 5 1
964 6 1
965 12 1
965 15 1
965 165 1
965 17 1
965 3 1
965 32 1
965 4 1
965 49 1
965 5 1
965 7 1
965 962 1
965 966 1
967 12 1
967 165 1
967 17 1
967 21 1
967 3 1
967 5 1
967 6 1
967 7 1
967 963 1
967 966 1
967 968 1
967 969 1
967 970 1
967 971 1
967 972 1
967 973 1
968 12 1
968 15 1
968 17 1
968 21 1
968 28 1
968 3 1
968 4 1
968 49 1
968 5 1
968 6 1
968 7 1
968 928 1
968 933 1
968 943 1
968 966 1
968 984 1
968 985 1
968 987 1
968 988 1
968 990 1
969 12 1
969 15 1
969 17 1
969 21 1
969 28 1
969 3 1
969 4 1
969 5 1
969 6 1
969 7 1
969 928 1
969 933 1
969 943 1
969 987 1
969 988 1
969 989 1
970 12 1
970 17 1
970 3 1
970 4 1
970 5 1
970 6 1
970 7 1
970 986 1
970 987 1
971 12 1
971 3 1
97 15 1
971 5 1
971 6 1
971 986 1
97 20 1
973 12 1
973 17 1
973 21 1
973 3 1
973 4 1
973 49 1
973 5 1
973 6 1
973 7 1
973 928 1
973 933 1
973 962 1
973 984 1
973 985 1
974 12 1
974 17 1
974 3 1
974 4 1
974 5 1
974 6 1
974 7 1
974 933 1
974 975 1
976 12 1
976 15 1
976 17 1
976 21 1
976 3 1
976 4 1
976 49 1
976 5 1
976 6 1
976 7 1
976 933 1
976 962 1
976 977 1
976 978 1
976 979 1
976 980 1
978 12 1
978 17 1
978 21 1
978 3 1
978 5 1
978 6 1
978 928 1
978 985 1
978 991 1
97 98 1
980 3 1
980 5 1
980 6 1
980 991 1
980 992 1
981 12 1
981 17 1
981 3 1
981 5 1
981 6 1
981 7 1
981 933 1
981 962 1
981 982 1
981 983 1
983 12 1
983 17 1
983 21 1
983 3 1
983 4 1
983 5 1
983 6 1
983 928 1
983 933 1
983 984 1
983 985 1
983 986 1
983 991 1
984 1044 1
984 1057 1
984 12 1
984 13 1
984 167 1
984 17 1
984 20 1
984 3 1
984 5 1
984 6 1
984 7 1
984 747 1
984 995 1
985 12 1
985 13 1
985 142 1
985 15 1
985 167 1
985 21 1
985 4 1
985 5 1
985 6 1
985 747 1
985 995 1
986 1046 1
986 1047 1
986 12 1
986 13 1
986 167 1
986 17 1
986 21 1
986 3 1
986 4 1
986 49 1
986 5 1
986 6 1
986 7 1
986 747 1
986 995 1
987 17 1
987 2 1
987 3 1
987 5 1
987 6 1
987 7 1
99 100 1
991 1473 1
991 1477 1
991 1478 1
991 1479 1
991 15 1
991 20 1
99 15 1
991 828 1
991 959 1
99 20 1
992 1062 1
992 122 1
992 15 1
992 16 1
992 17 1
992 174 1
992 3 1
992 5 1
992 6 1
992 67 1
992 69 1
992 7 1
992 747 1
992 828 1
992 9 1
993 3 1
994 12 1
994 17 1
994 21 1
994 3 1
994 4 1
994 5 1
994 6 1
994 7 1
994 933 1
994 995 1
994 996 1
996 1032 1
996 12 1
996 13 1
996 167 1
996 17 1
996 21 1
996 3 1
996 4 1
996 49 1
996 5 1
996 6 1
996 747 1
996 995 1
997 12 1
997 17 1
997 21 1
997 3 1
997 5 1
997 6 1
997 7 1
997 986 1
998 113 1
998 12 1
998 15 1
998 170 1
998 17 1
998 21 1
998 28 1
998 3 1
998 4 1
998 49 1
998 5 1
998 539 1
998 6 1
998 7 1
998 928 1
998 933 1
998 943 1
998 986 1
998 987 1
998 988 1
998 989 1
998 999 1
